0 0 0 3 4 1
0 0 1 3 2 1
0 0 2 3 3 1
0 0 3 3 1 1
0 0 4 3 4 2
0 0 5 3 2 2
0 0 6 3 3 2
0 0 7 3 1 2
0 0 8 3 4 3
0 0 9 3 2 3
0 0 10 3 3 3
0 0 11 3 1 3
0 0 12 3 4 4
0 0 13 3 2 4
0 0 14 3 3 4
0 0 15 3 1 4
0 0 16 1 1 4
0 0 17 1 3 4
0 0 18 1 2 4
0 0 19 1 4 4
0 0 20 1 1 3
0 0 21 1 3 3
0 0 22 1 2 3
0 0 23 1 4 3
0 0 24 1 1 2
0 0 25 1 3 2
0 0 26 1 2 2
0 0 27 1 4 2
0 0 28 1 1 1
0 0 29 1 3 1
0 0 30 1 2 1
0 0 31 1 4 1
0 1 0 3 4 5
0 1 1 3 2 5
0 1 2 3 3 5
0 1 3 3 1 5
0 1 4 3 4 6
0 1 5 3 2 6
0 1 6 3 3 6
0 1 7 3 1 6
0 1 8 3 4 7
0 1 9 3 2 7
0 1 10 3 3 7
0 1 11 3 1 7
0 1 12 3 4 8
0 1 13 3 2 8
0 1 14 3 3 8
0 1 15 3 1 8
0 1 16 1 1 8
0 1 17 1 3 8
0 1 18 1 2 8
0 1 19 1 4 8
0 1 20 1 1 7
0 1 21 1 3 7
0 1 22 1 2 7
0 1 23 1 4 7
0 1 24 1 1 6
0 1 25 1 3 6
0 1 26 1 2 6
0 1 27 1 4 6
0 1 28 1 1 5
0 1 29 1 3 5
0 1 30 1 2 5
0 1 31 1 4 5
0 2 0 3 4 9
0 2 1 3 2 9
0 2 2 3 3 9
0 2 3 3 1 9
0 2 4 3 4 10
0 2 5 3 2 10
0 2 6 3 3 10
0 2 7 3 1 10
0 2 8 3 4 11
0 2 9 3 2 11
0 2 10 3 3 11
0 2 11 3 1 11
0 2 12 3 4 12
0 2 13 3 2 12
0 2 14 3 3 12
0 2 15 3 1 12
0 2 16 1 1 12
0 2 17 1 3 12
0 2 18 1 2 12
0 2 19 1 4 12
0 2 20 1 1 11
0 2 21 1 3 11
0 2 22 1 2 11
0 2 23 1 4 11
0 2 24 1 1 10
0 2 25 1 3 10
0 2 26 1 2 10
0 2 27 1 4 10
0 2 28 1 1 9
0 2 29 1 3 9
0 2 30 1 2 9
0 2 31 1 4 9
0 3 0 3 4 13
0 3 1 3 2 13
0 3 2 3 3 13
0 3 3 3 1 13
0 3 4 3 4 14
0 3 5 3 2 14
0 3 6 3 3 14
0 3 7 3 1 14
0 3 8 3 4 15
0 3 9 3 2 15
0 3 10 3 3 15
0 3 11 3 1 15
0 3 12 3 4 16
0 3 13 3 2 16
0 3 14 3 3 16
0 3 15 3 1 16
0 3 16 1 1 16
0 3 17 1 3 16
0 3 18 1 2 16
0 3 19 1 4 16
0 3 20 1 1 15
0 3 21 1 3 15
0 3 22 1 2 15
0 3 23 1 4 15
0 3 24 1 1 14
0 3 25 1 3 14
0 3 26 1 2 14
0 3 27 1 4 14
0 3 28 1 1 13
0 3 29 1 3 13
0 3 30 1 2 13
0 3 31 1 4 13

1 0 0 3 4 17
1 0 1 3 2 17
1 0 2 3 3 17
1 0 3 3 1 17
1 0 4 3 4 18
1 0 5 3 2 18
1 0 6 3 3 18
1 0 7 3 1 18
1 0 8 3 4 19
1 0 9 3 2 19
1 0 10 3 3 19
1 0 11 3 1 19
1 0 12 3 4 20
1 0 13 3 2 20
1 0 14 3 3 20
1 0 15 3 1 20
1 0 16 1 1 20
1 0 17 1 3 20
1 0 18 1 2 20
1 0 19 1 4 20
1 0 20 1 1 19
1 0 21 1 3 19
1 0 22 1 2 19
1 0 23 1 4 19
1 0 24 1 1 18
1 0 25 1 3 18
1 0 26 1 2 18
1 0 27 1 4 18
1 0 28 1 1 17
1 0 29 1 3 17
1 0 30 1 2 17
1 0 31 1 4 17
1 1 0 3 4 21
1 1 1 3 2 21
1 1 2 3 3 21
1 1 3 3 1 21
1 1 4 3 4 22
1 1 5 3 2 22
1 1 6 3 3 22
1 1 7 3 1 22
1 1 8 3 4 23
1 1 9 3 2 23
1 1 10 3 3 23
1 1 11 3 1 23
1 1 12 3 4 24
1 1 13 3 2 24
1 1 14 3 3 24
1 1 15 3 1 24
1 1 16 1 1 24
1 1 17 1 3 24
1 1 18 1 2 24
1 1 19 1 4 24
1 1 20 1 1 23
1 1 21 1 3 23
1 1 22 1 2 23
1 1 23 1 4 23
1 1 24 1 1 22
1 1 25 1 3 22
1 1 26 1 2 22
1 1 27 1 4 22
1 1 28 1 1 21
1 1 29 1 3 21
1 1 30 1 2 21
1 1 31 1 4 21
1 2 0 3 4 25
1 2 1 3 2 25
1 2 2 3 3 25
1 2 3 3 1 25
1 2 4 3 4 26
1 2 5 3 2 26
1 2 6 3 3 26
1 2 7 3 1 26
1 2 8 3 4 27
1 2 9 3 2 27
1 2 10 3 3 27
1 2 11 3 1 27
1 2 12 3 4 28
1 2 13 3 2 28
1 2 14 3 3 28
1 2 15 3 1 28
1 2 16 1 1 28
1 2 17 1 3 28
1 2 18 1 2 28
1 2 19 1 4 28
1 2 20 1 1 27
1 2 21 1 3 27
1 2 22 1 2 27
1 2 23 1 4 27
1 2 24 1 1 26
1 2 25 1 3 26
1 2 26 1 2 26
1 2 27 1 4 26
1 2 28 1 1 25
1 2 29 1 3 25
1 2 30 1 2 25
1 2 31 1 4 25
1 3 0 3 4 29
1 3 1 3 2 29
1 3 2 3 3 29
1 3 3 3 1 29
1 3 4 3 4 30
1 3 5 3 2 30
1 3 6 3 3 30
1 3 7 3 1 30
1 3 8 3 4 31
1 3 9 3 2 31
1 3 10 3 3 31
1 3 11 3 1 31
1 3 12 3 4 32
1 3 13 3 2 32
1 3 14 3 3 32
1 3 15 3 1 32
1 3 16 1 1 32
1 3 17 1 3 32
1 3 18 1 2 32
1 3 19 1 4 32
1 3 20 1 1 31
1 3 21 1 3 31
1 3 22 1 2 31
1 3 23 1 4 31
1 3 24 1 1 30
1 3 25 1 3 30
1 3 26 1 2 30
1 3 27 1 4 30
1 3 28 1 1 29
1 3 29 1 3 29
1 3 30 1 2 29
1 3 31 1 4 29

2 0 0 3 4 33
2 0 1 3 2 33
2 0 2 3 3 33
2 0 3 3 1 33
2 0 4 3 4 34
2 0 5 3 2 34
2 0 6 3 3 34
2 0 7 3 1 34
2 0 8 3 4 35
2 0 9 3 2 35
2 0 10 3 3 35
2 0 11 3 1 35
2 0 12 3 4 36
2 0 13 3 2 36
2 0 14 3 3 36
2 0 15 3 1 36
2 0 16 1 1 36
2 0 17 1 3 36
2 0 18 1 2 36
2 0 19 1 4 36
2 0 20 1 1 35
2 0 21 1 3 35
2 0 22 1 2 35
2 0 23 1 4 35
2 0 24 1 1 34
2 0 25 1 3 34
2 0 26 1 2 34
2 0 27 1 4 34
2 0 28 1 1 33
2 0 29 1 3 33
2 0 30 1 2 33
2 0 31 1 4 33
2 1 0 3 4 37
2 1 1 3 2 37
2 1 2 3 3 37
2 1 3 3 1 37
2 1 4 3 4 38
2 1 5 3 2 38
2 1 6 3 3 38
2 1 7 3 1 38
2 1 8 3 4 39
2 1 9 3 2 39
2 1 10 3 3 39
2 1 11 3 1 39
2 1 12 3 4 40
2 1 13 3 2 40
2 1 14 3 3 40
2 1 15 3 1 40
2 1 16 1 1 40
2 1 17 1 3 40
2 1 18 1 2 40
2 1 19 1 4 40
2 1 20 1 1 39
2 1 21 1 3 39
2 1 22 1 2 39
2 1 23 1 4 39
2 1 24 1 1 38
2 1 25 1 3 38
2 1 26 1 2 38
2 1 27 1 4 38
2 1 28 1 1 37
2 1 29 1 3 37
2 1 30 1 2 37
2 1 31 1 4 37
2 2 0 3 4 41
2 2 1 3 2 41
2 2 2 3 3 41
2 2 3 3 1 41
2 2 4 3 4 42
2 2 5 3 2 42
2 2 6 3 3 42
2 2 7 3 1 42
2 2 8 3 4 43
2 2 9 3 2 43
2 2 10 3 3 43
2 2 11 3 1 43
2 2 12 3 4 44
2 2 13 3 2 44
2 2 14 3 3 44
2 2 15 3 1 44
2 2 16 1 1 44
2 2 17 1 3 44
2 2 18 1 2 44
2 2 19 1 4 44
2 2 20 1 1 43
2 2 21 1 3 43
2 2 22 1 2 43
2 2 23 1 4 43
2 2 24 1 1 42
2 2 25 1 3 42
2 2 26 1 2 42
2 2 27 1 4 42
2 2 28 1 1 41
2 2 29 1 3 41
2 2 30 1 2 41
2 2 31 1 4 41
2 3 0 3 4 45
2 3 1 3 2 45
2 3 2 3 3 45
2 3 3 3 1 45
2 3 4 3 4 46
2 3 5 3 2 46
2 3 6 3 3 46
2 3 7 3 1 46
2 3 8 3 4 47
2 3 9 3 2 47
2 3 10 3 3 47
2 3 11 3 1 47
2 3 12 3 4 48
2 3 13 3 2 48
2 3 14 3 3 48
2 3 15 3 1 48
2 3 16 1 1 48
2 3 17 1 3 48
2 3 18 1 2 48
2 3 19 1 4 48
2 3 20 1 1 47
2 3 21 1 3 47
2 3 22 1 2 47
2 3 23 1 4 47
2 3 24 1 1 46
2 3 25 1 3 46
2 3 26 1 2 46
2 3 27 1 4 46
2 3 28 1 1 45
2 3 29 1 3 45
2 3 30 1 2 45
2 3 31 1 4 45

4 0 0 3 4 49
4 0 1 3 2 49
4 0 2 3 3 49
4 0 3 3 1 49
4 0 4 3 4 50
4 0 5 3 2 50
4 0 6 3 3 50
4 0 7 3 1 50
4 0 8 3 4 51
4 0 9 3 2 51
4 0 10 3 3 51
4 0 11 3 1 51
4 0 12 3 4 52
4 0 13 3 2 52
4 0 14 3 3 52
4 0 15 3 1 52
4 0 16 1 1 52
4 0 17 1 3 52
4 0 18 1 2 52
4 0 19 1 4 52
4 0 20 1 1 51
4 0 21 1 3 51
4 0 22 1 2 51
4 0 23 1 4 51
4 0 24 1 1 50
4 0 25 1 3 50
4 0 26 1 2 50
4 0 27 1 4 50
4 0 28 1 1 49
4 0 29 1 3 49
4 0 30 1 2 49
4 0 31 1 4 49
4 1 0 3 4 53
4 1 1 3 2 53
4 1 2 3 3 53
4 1 3 3 1 53
4 1 4 3 4 54
4 1 5 3 2 54
4 1 6 3 3 54
4 1 7 3 1 54
4 1 8 3 4 55
4 1 9 3 2 55
4 1 10 3 3 55
4 1 11 3 1 55
4 1 12 3 4 56
4 1 13 3 2 56
4 1 14 3 3 56
4 1 15 3 1 56
4 1 16 1 1 56
4 1 17 1 3 56
4 1 18 1 2 56
4 1 19 1 4 56
4 1 20 1 1 55
4 1 21 1 3 55
4 1 22 1 2 55
4 1 23 1 4 55
4 1 24 1 1 54
4 1 25 1 3 54
4 1 26 1 2 54
4 1 27 1 4 54
4 1 28 1 1 53
4 1 29 1 3 53
4 1 30 1 2 53
4 1 31 1 4 53
4 2 0 3 4 57
4 2 1 3 2 57
4 2 2 3 3 57
4 2 3 3 1 57
4 2 4 3 4 58
4 2 5 3 2 58
4 2 6 3 3 58
4 2 7 3 1 58
4 2 8 3 4 59
4 2 9 3 2 59
4 2 10 3 3 59
4 2 11 3 1 59
4 2 12 3 4 60
4 2 13 3 2 60
4 2 14 3 3 60
4 2 15 3 1 60
4 2 16 1 1 60
4 2 17 1 3 60
4 2 18 1 2 60
4 2 19 1 4 60
4 2 20 1 1 59
4 2 21 1 3 59
4 2 22 1 2 59
4 2 23 1 4 59
4 2 24 1 1 58
4 2 25 1 3 58
4 2 26 1 2 58
4 2 27 1 4 58
4 2 28 1 1 57
4 2 29 1 3 57
4 2 30 1 2 57
4 2 31 1 4 57

5 0 0 2 4 17
5 0 1 2 2 17
5 0 2 2 3 17
5 0 3 2 1 17
5 0 4 2 4 18
5 0 5 2 2 18
5 0 6 2 3 18
5 0 7 2 1 18
5 0 8 2 4 19
5 0 9 2 2 19
5 0 10 2 3 19
5 0 11 2 1 19
5 0 12 2 4 20
5 0 13 2 2 20
5 0 14 2 3 20
5 0 15 2 1 20
5 0 16 2 1 4
5 0 17 2 3 4
5 0 18 2 2 4
5 0 19 2 4 4
5 0 20 2 1 3
5 0 21 2 3 3
5 0 22 2 2 3
5 0 23 2 4 3
5 0 24 2 1 2
5 0 25 2 3 2
5 0 26 2 2 2
5 0 27 2 4 2
5 0 28 2 1 1
5 0 29 2 3 1
5 0 30 2 2 1
5 0 31 2 4 1
5 1 0 2 4 21
5 1 1 2 2 21
5 1 2 2 3 21
5 1 3 2 1 21
5 1 4 2 4 22
5 1 5 2 2 22
5 1 6 2 3 22
5 1 7 2 1 22
5 1 8 2 4 23
5 1 9 2 2 23
5 1 10 2 3 23
5 1 11 2 1 23
5 1 12 2 4 24
5 1 13 2 2 24
5 1 14 2 3 24
5 1 15 2 1 24
5 1 16 2 1 8
5 1 17 2 3 8
5 1 18 2 2 8
5 1 19 2 4 8
5 1 20 2 1 7
5 1 21 2 3 7
5 1 22 2 2 7
5 1 23 2 4 7
5 1 24 2 1 6
5 1 25 2 3 6
5 1 26 2 2 6
5 1 27 2 4 6
5 1 28 2 1 5
5 1 29 2 3 5
5 1 30 2 2 5
5 1 31 2 4 5
5 2 0 2 4 25
5 2 1 2 2 25
5 2 2 2 3 25
5 2 3 2 1 25
5 2 4 2 4 26
5 2 5 2 2 26
5 2 6 2 3 26
5 2 7 2 1 26
5 2 8 2 4 27
5 2 9 2 2 27
5 2 10 2 3 27
5 2 11 2 1 27
5 2 12 2 4 28
5 2 13 2 2 28
5 2 14 2 3 28
5 2 15 2 1 28
5 2 16 2 1 12
5 2 17 2 3 12
5 2 18 2 2 12
5 2 19 2 4 12
5 2 20 2 1 11
5 2 21 2 3 11
5 2 22 2 2 11
5 2 23 2 4 11
5 2 24 2 1 10
5 2 25 2 3 10
5 2 26 2 2 10
5 2 27 2 4 10
5 2 28 2 1 9
5 2 29 2 3 9
5 2 30 2 2 9
5 2 31 2 4 9
5 3 0 2 4 29
5 3 1 2 2 29
5 3 2 2 3 29
5 3 3 2 1 29
5 3 4 2 4 30
5 3 5 2 2 30
5 3 6 2 3 30
5 3 7 2 1 30
5 3 8 2 4 31
5 3 9 2 2 31
5 3 10 2 3 31
5 3 11 2 1 31
5 3 12 2 4 32
5 3 13 2 2 32
5 3 14 2 3 32
5 3 15 2 1 32
5 3 16 2 1 16
5 3 17 2 3 16
5 3 18 2 2 16
5 3 19 2 4 16
5 3 20 2 1 15
5 3 21 2 3 15
5 3 22 2 2 15
5 3 23 2 4 15
5 3 24 2 1 14
5 3 25 2 3 14
5 3 26 2 2 14
5 3 27 2 4 14
5 3 28 2 1 13
5 3 29 2 3 13
5 3 30 2 2 13
5 3 31 2 4 13

6 0 0 2 4 49
6 0 1 2 2 49
6 0 2 2 3 49
6 0 3 2 1 49
6 0 4 2 4 50
6 0 5 2 2 50
6 0 6 2 3 50
6 0 7 2 1 50
6 0 8 2 4 51
6 0 9 2 2 51
6 0 10 2 3 51
6 0 11 2 1 51
6 0 12 2 4 52
6 0 13 2 2 52
6 0 14 2 3 52
6 0 15 2 1 52
6 0 16 2 1 36
6 0 17 2 3 36
6 0 18 2 2 36
6 0 19 2 4 36
6 0 20 2 1 35
6 0 21 2 3 35
6 0 22 2 2 35
6 0 23 2 4 35
6 0 24 2 1 34
6 0 25 2 3 34
6 0 26 2 2 34
6 0 27 2 4 34
6 0 28 2 1 33
6 0 29 2 3 33
6 0 30 2 2 33
6 0 31 2 4 33
6 1 0 2 4 53
6 1 1 2 2 53
6 1 2 2 3 53
6 1 3 2 1 53
6 1 4 2 4 54
6 1 5 2 2 54
6 1 6 2 3 54
6 1 7 2 1 54
6 1 8 2 4 55
6 1 9 2 2 55
6 1 10 2 3 55
6 1 11 2 1 55
6 1 12 2 4 56
6 1 13 2 2 56
6 1 14 2 3 56
6 1 15 2 1 56
6 1 16 2 1 40
6 1 17 2 3 40
6 1 18 2 2 40
6 1 19 2 4 40
6 1 20 2 1 39
6 1 21 2 3 39
6 1 22 2 2 39
6 1 23 2 4 39
6 1 24 2 1 38
6 1 25 2 3 38
6 1 26 2 2 38
6 1 27 2 4 38
6 1 28 2 1 37
6 1 29 2 3 37
6 1 30 2 2 37
6 1 31 2 4 37
6 2 0 2 4 57
6 2 1 2 2 57
6 2 2 2 3 57
6 2 3 2 1 57
6 2 16 2 1 44
6 2 17 2 3 44
6 2 18 2 2 44
6 2 19 2 4 44
6 2 20 2 1 43
6 2 21 2 3 43
6 2 22 2 2 43
6 2 23 2 4 43
6 2 24 2 1 42
6 2 25 2 3 42
6 2 26 2 2 42
6 2 27 2 4 42
6 2 28 2 1 41
6 2 29 2 3 41
6 2 30 2 2 41
6 2 31 2 4 41
6 3 16 2 1 48
6 3 17 2 3 48
6 3 18 2 2 48
6 3 19 2 4 48
6 3 20 2 1 47
6 3 21 2 3 47
6 3 22 2 2 47
6 3 23 2 4 47
6 3 24 2 1 46
6 3 25 2 3 46
6 3 26 2 2 46
6 3 27 2 4 46
6 3 28 2 1 45
6 3 29 2 3 45
6 3 30 2 2 45
6 3 31 2 4 45
