8 1 1 1 -874.046 0
8 1 1 2 -1.89018 0.014922
8 1 1 3 -1.67277 0.0109266
8 1 1 4 -1.955 0.00612551
8 1 1 5 -1.1497 0.0111342
8 1 1 6 2.95394 0
8 1 1 7 -1.12235 0.0101374
8 1 1 8 -0.899637 0.0134982
8 1 1 9 -1.48789 0.0120636
8 1 1 10 -1.66807 0.0125858
8 1 1 11 -1.9232 0.00867829
8 1 1 12 -1.95085 0.00590538
8 1 1 13 -2.13371 0.0108239
8 1 1 14 -2.03398 0.0168286
8 1 1 15 -1.91197 0.0181609
8 1 1 16 -1.36833 0.0114902
8 1 1 17 2.09377 0.00689606
8 1 1 18 1.79256 0.00737856
8 1 1 19 1.74782 0.0101356
8 1 1 20 1.03737 0.00511678
8 1 1 21 1.26497 0.0086193
8 1 1 22 1.01253 0.00733453
8 1 1 23 1.72579 0.0108447
8 1 1 24 2.08108 0.00645477
8 1 1 25 1.67007 0.0113856
8 1 1 26 1.26565 0.0113147
8 1 1 27 0.918966 0.00571006
8 1 1 28 0.951681 0.0115538
8 1 1 29 0.883383 0.0108515
8 1 1 30 1.06441 0.00865267
8 1 1 31 1.9197 0.00649515
8 1 1 32 1.95089 0.00785051
8 1 1 33 2.38149 0.00911131
8 1 1 34 2.00411 0.00649774
8 1 1 35 1.82863 0.00781858
8 1 1 36 1.64199 0.00838014
8 1 1 37 2.0281 0.0114428
8 1 1 38 1.95424 0.00676077
8 1 1 39 2.62685 0.0214425
8 1 1 40 2.93514 0.00618717
8 1 1 41 3.97164 0.011468
8 1 1 42 3.65255 0.0117702
8 1 1 43 3.14559 0.008983
8 1 1 44 3.3182 0.00905258
8 1 1 45 2.10201 0.0104053
8 1 1 46 2.51412 0.00983131
8 1 1 47 2.9778 0.00461297
8 1 1 48 3.27334 0.0165584
8 1 1 49 0.249716 0.00851606
8 1 1 50 0.0418913 0.0120372
8 1 1 51 0.0719816 0.0139814
8 1 1 52 -0.110025 0.00530356
8 1 1 53 0.0604459 0.00611123
8 1 1 54 -0.0806063 0.0082432
8 1 1 55 0.347555 0.0159196
8 1 1 56 0.363669 0.00974187
8 1 1 57 -0.111124 0.0114893
8 1 1 58 -0.881754 0.00707738
8 1 1 59 -1.02488 0.00494824
8 1 1 60 -0.322977 0.00839877
8 1 1 61 -1.14561 0.00607055
8 1 1 62 -1.13358 0.0143633
8 1 1 63 -0.748087 0.0159379
8 1 1 64 -0.129495 0.00581495
8 1 1 65 -2.59538 0.00938214
8 1 1 66 -3.86851 0.0139086
8 1 1 67 -4.07597 0.0060654
8 1 1 68 -4.04765 0.00464224
8 1 1 69 -3.36607 0.0112774
8 1 1 70 -3.97093 0.00553891
8 1 1 71 -3.03941 0.0038265
8 1 2 1 -874.046 0
8 1 2 2 -2.15086 0.00684801
8 1 2 3 -2.55174 0.0158792
8 1 2 4 -2.51975 0.0116647
8 1 2 5 -1.95561 0.0158687
8 1 2 6 -2.23747 0.00696497
8 1 2 7 -1.86247 0.0104475
8 1 2 8 -1.69181 0.00968147
8 1 2 9 -1.98832 0.0228635
8 1 2 10 -2.04447 0.00474968
8 1 2 11 -2.50804 0.0144929
8 1 2 12 -2.46275 0.00879956
8 1 2 13 -3.11326 0.007788
8 1 2 14 -2.97434 0.0177982
8 1 2 15 -2.76103 0.0116545
8 1 2 16 -2.2739 0.0165157
8 1 2 17 1.8959 0.00747535
8 1 2 18 1.54616 0.00868056
8 1 2 19 1.05904 0.0101253
8 1 2 20 0.776999 0.00697008
8 1 2 21 0.95455 0.00522009
8 1 2 22 0.772909 0.00728632
8 1 2 23 1.14034 0.00824427
8 1 2 24 1.70278 0.0107356
8 1 2 25 1.42531 0.0102509
8 1 2 26 1.09731 0.0104888
8 1 2 27 0.607443 0.0117126
8 1 2 28 0.499777 0.0148581
8 1 2 29 0.00423257 0.00809996
8 1 2 30 0.635397 0.0102187
8 1 2 31 1.05196 0.00738998
8 1 2 32 1.50448 0.00890005
8 1 2 33 1.89162 0.0075613
8 1 2 34 1.61898 0.00894981
8 1 2 35 2.32613 0.00980484
8 1 2 36 1.02212 0.00464399
8 1 2 37 1.68508 0.0110411
8 1 2 38 1.52767 0.0120537
8 1 2 39 1.87307 0.0149157
8 1 2 40 2.08578 0.00849061
8 1 2 41 3.79903 0.00974658
8 1 2 42 3.18514 0.00768152
8 1 2 43 2.75881 0.00724107
8 1 2 44 2.92354 0.00671537
8 1 2 45 1.57296 0.0111855
8 1 2 46 1.74361 0.00967089
8 1 2 47 2.45241 0.00952561
8 1 2 48 2.94149 0.0144926
8 1 2 49 -0.0721834 0.00985419
8 1 2 50 -0.18815 0.00923814
8 1 2 51 -0.835062 0.017206
8 1 2 52 -0.893045 0.00741686
8 1 2 53 -0.14213 0.00554278
8 1 2 54 -0.60087 0.00881612
8 1 2 55 -0.0812166 0.0094258
8 1 2 56 0.00734536 0.0121742
8 1 2 57 -0.358927 0.011237
8 1 2 58 -0.890604 0.00991212
8 1 2 59 -1.38841 0.00866318
8 1 2 60 -1.14158 0.00600178
8 1 2 61 -1.80479 0.0118197
8 1 2 62 -1.77458 0.00935344
8 1 2 63 -1.13304 0.0161055
8 1 2 64 -0.95939 0.0122974
8 1 2 65 -3.97691 0.0454485
8 1 2 66 -4.06437 0.00725853
8 1 2 67 -4.74351 0.012581
8 1 2 68 -4.25724 0.00805687
8 1 2 69 -3.72624 0.0118739
8 1 2 70 -4.1677 0.00595452
8 1 2 71 -3.42167 0.0089737
8 1 2 72 -874.046 0
8 1 3 1 -874.046 0
8 1 3 2 -1.29832 0.0151812
8 1 3 3 -1.93736 0.0119731
8 1 3 4 -2.03489 0.00435187
8 1 3 5 -1.03385 0.00988346
8 1 3 6 -2.01756 0.00701752
8 1 3 7 -0.94877 0.0108263
8 1 3 8 -0.870889 0.0128344
8 1 3 9 -1.47758 0.0120547
8 1 3 10 -1.73814 0.0132448
8 1 3 11 -2.04856 0.00713265
8 1 3 12 -2.06993 0.00445206
8 1 3 13 -2.08793 0.0103582
8 1 3 14 -2.04673 0.0158035
8 1 3 15 -2.02055 0.0180561
8 1 3 16 -1.481 0.0146245
8 1 3 17 2.5776 0.00852414
8 1 3 18 1.97677 0.00427189
8 1 3 19 1.8257 0.0100058
8 1 3 20 1.01223 0.00432388
8 1 3 21 1.764 0.00693825
8 1 3 22 1.11013 0.00740162
8 1 3 23 1.59945 0.011221
8 1 3 24 2.04043 0.00564814
8 1 3 25 1.80141 0.0103787
8 1 3 26 1.43636 0.0127863
8 1 3 27 0.930197 0.00641506
8 1 3 28 0.95394 0.0120362
8 1 3 29 0.917196 0.010128
8 1 3 30 1.21688 0.00843735
8 1 3 31 1.90871 0.00559497
8 1 3 32 1.9891 0.00735787
8 1 3 33 2.79281 0.00707157
8 1 3 34 2.09231 0.00685317
8 1 3 35 1.98543 0.00572234
8 1 3 36 1.8724 0.00523567
8 1 3 37 2.32583 0.0131565
8 1 3 38 2.05312 0.00814681
8 1 3 39 2.69076 0.0213888
8 1 3 40 3.06087 0.00640557
8 1 3 41 3.88705 0.00994234
8 1 3 42 3.65902 0.0080939
8 1 3 43 2.96334 0.00638958
8 1 3 44 3.33724 0.00909226
8 1 3 45 2.09609 0.0102021
8 1 3 46 2.63235 0.00909665
8 1 3 47 3.04433 0.00563443
8 1 3 48 3.27938 0.0168868
8 1 3 49 0.645102 0.00891686
8 1 3 50 0.117026 0.0127546
8 1 3 51 0.00789468 0.0132032
8 1 3 52 -0.204019 0.00699145
8 1 3 53 0.16445 0.00923349
8 1 3 54 -0.0803011 0.0076509
8 1 3 55 0.33486 0.0159542
8 1 3 56 0.306112 0.00913827
8 1 3 57 -0.0758456 0.0109268
8 1 3 58 -0.856058 0.00724866
8 1 3 59 -1.02018 0.00451137
8 1 3 60 -0.783914 0.00823016
8 1 3 61 -1.10856 0.00508155
8 1 3 62 -1.04203 0.0147772
8 1 3 63 -0.832376 0.015489
8 1 3 64 -0.15275 0.00597333
8 1 3 65 -3.13316 0.00539583
8 1 3 66 -3.49418 0.0148359
8 1 3 67 -4.0623 0.00583731
8 1 3 68 -4.05595 0.00373652
8 1 3 69 -3.10703 0.0089712
8 1 3 70 -3.98515 0.00493697
8 1 3 71 -3.04008 0.00397194
8 1 3 72 -874.046 0
8 1 4 2 -2.07884 0.00579801
8 1 4 3 -2.26127 0.0151307
8 1 4 4 -2.2993 0.0107054
8 1 4 5 -2.98051 0.0134591
8 1 4 6 -2.04295 0.0053131
8 1 4 7 -1.6085 0.0131916
8 1 4 8 -1.30393 0.00894718
8 1 4 9 13.1847 2.52831
8 1 4 10 -2.04136 0.00408078
8 1 4 11 -2.29173 0.0147142
8 1 4 12 -2.57957 0.0114374
8 1 4 13 -3.52537 0.0129826
8 1 4 14 -2.88584 0.018663
8 1 4 15 -2.6862 0.0118787
8 1 4 16 -2.09605 0.015372
8 1 4 17 1.74758 0.00910725
8 1 4 18 1.75142 0.00704555
8 1 4 19 1.20479 0.0129007
8 1 4 20 0.87496 0.00504806
8 1 4 21 0.698507 0.00827833
8 1 4 22 0.957052 0.00471096
8 1 4 23 1.16671 0.00875524
8 1 4 24 1.63173 0.0109475
8 1 4 25 1.30312 0.00985047
8 1 4 26 1.17458 0.010749
8 1 4 27 0.650107 0.0123887
8 1 4 28 0.672262 0.0143743
8 1 4 29 -0.193338 0.011005
8 1 4 30 0.948202 0.00731775
8 1 4 31 1.11672 0.00779811
8 1 4 32 1.67568 0.00801422
8 1 4 33 1.98122 0.00596727
8 1 4 34 1.91048 0.00576972
8 1 4 35 2.67373 0.00910623
8 1 4 36 1.09701 0.00628119
8 1 4 37 1.52523 0.0127492
8 1 4 38 1.92086 0.00897525
8 1 4 39 2.08297 0.0211014
8 1 4 40 2.28896 0.010285
8 1 4 41 3.24166 0.0107329
8 1 4 42 3.22567 0.00943518
8 1 4 43 2.87856 0.00536925
8 1 4 44 2.86843 0.00734731
8 1 4 45 0.904562 0.00954134
8 1 4 46 2.05141 0.00797823
8 1 4 47 2.6661 0.0086615
8 1 4 48 2.94271 0.014306
8 1 4 49 -0.283365 0.0118171
8 1 4 50 -0.0737093 0.00746431
8 1 4 51 -0.521524 0.0189293
8 1 4 52 -0.848673 0.0079475
8 1 4 53 -0.852701 0.00736807
8 1 4 54 -0.436624 0.00863389
8 1 4 55 -0.0884188 0.00998347
8 1 4 56 0.0832121 0.0126565
8 1 4 57 -0.991739 0.0105943
8 1 4 58 -0.949014 0.00902105
8 1 4 59 -1.40031 0.00884085
8 1 4 60 -1.14262 0.00593749
8 1 4 61 -2.14231 0.012118
8 1 4 62 -1.59135 0.0104909
8 1 4 63 -1.11375 0.0175073
8 1 4 64 -0.975626 0.0120948
8 1 4 65 -4.00706 0.0039694
8 1 4 66 -3.46671 0.0099887
8 1 4 67 -4.38157 0.0140009
8 1 4 68 -4.12126 0.00589559
8 1 4 69 -3.96708 0.0106297
8 1 4 70 -4.05235 0.00340345
8 1 4 71 -3.45829 0.00930411
8 1 4 72 -874.046 0
9 3 1 1 -874.557 0
9 3 1 2 -1.0549 0.0150816
9 3 1 3 -0.612024 0.00872208
9 3 1 4 -1.6791 0.00634962
9 3 1 5 -1.01522 0.0128839
9 3 1 6 -0.710352 0.00924848
9 3 1 7 -0.427393 0.0099097
9 3 1 8 -0.491846 0.0112598
9 3 1 9 -0.571252 0.00757398
9 3 1 10 -1.53024 0.00866689
9 3 1 11 -1.608 0.00720734
9 3 1 12 -2.53964 0.0034175
9 3 1 13 -1.96505 0.0116573
9 3 1 14 -2.27737 0.0130656
9 3 1 15 -1.5538 0.014434
9 3 1 16 -1.37612 0.010493
9 3 1 17 2.78055 0.00813934
9 3 1 18 2.43961 0.00341644
9 3 1 19 1.86814 0.0131439
9 3 1 20 1.59232 0.00635546
9 3 1 21 3.2089 0.00752742
9 3 1 22 2.04734 0.00941288
9 3 1 23 2.48545 0.0107738
9 3 1 24 3.30283 0.00644176
9 3 1 25 2.62241 0.00924895
9 3 1 26 1.87388 0.0101511
9 3 1 27 2.01414 0.00964474
9 3 1 28 2.05698 0.0123162
9 3 1 29 1.36643 0.00677571
9 3 1 30 1.42838 0.00354347
9 3 1 31 2.4636 0.00347456
9 3 1 32 2.54148 0.00743622
9 3 1 33 3.21226 0.00762487
9 3 1 34 3.11979 0.00857702
9 3 1 35 2.41752 0.00474431
9 3 1 36 2.42502 0.00394094
9 3 1 37 2.8256 0.0142144
9 3 1 38 2.41764 0.00630672
9 3 1 39 3.08359 0.0195962
9 3 1 40 3.49589 0.00453114
9 3 1 41 3.00101 0.0110437
9 3 1 42 2.43253 0.00193283
9 3 1 43 2.60966 0.00794432
9 3 1 44 2.48722 0.00454817
9 3 1 45 1.96616 0.0104854
9 3 1 46 1.9755 0.00960601
9 3 1 47 2.44199 0.00228308
9 3 1 48 2.92765 0.0162953
9 3 1 49 -0.238855 0.00844009
9 3 1 50 0.0700439 0.0132916
9 3 1 51 -1.1097 0.0169964
9 3 1 52 -0.563135 0.00282204
9 3 1 53 -0.578943 0.00292282
9 3 1 54 -0.570703 0.00692745
9 3 1 55 -0.266687 0.0135636
9 3 1 56 0.428625 0.00428483
9 3 1 57 -0.515039 0.0099679
9 3 1 58 -0.902795 0.00855106
9 3 1 59 -1.19583 0.00894003
9 3 1 60 -0.592615 0.00386646
9 3 1 61 -1.40249 0.00670057
9 3 1 62 -1.47756 0.0138023
9 3 1 63 -0.491968 0.0134119
9 3 1 64 -0.527979 0.00378749
9 3 1 65 -3.57992 0.00341578
9 3 1 66 -4.31375 0.0136941
9 3 1 67 -4.5765 0.00492114
9 3 1 68 -4.53372 0.00424399
9 3 1 69 -4.07754 0.0114871
9 3 1 70 -4.08651 0.00902194
9 3 1 71 -3.88607 0.00858046
9 3 2 1 -874.557 0
9 3 2 2 -1.51656 0.00508202
9 3 2 3 -2.00234 0.0152196
9 3 2 4 -1.95327 0.0110827
9 3 2 5 -1.54312 0.0146202
9 3 2 6 -1.52523 0.00746338
9 3 2 7 -0.64071 0.0111094
9 3 2 8 -0.509058 0.00603713
9 3 2 9 -0.398523 0.0201238
9 3 2 10 -1.6603 0.00608476
9 3 2 11 -1.73318 0.0128265
9 3 2 12 -2.11013 0.00887886
9 3 2 13 -2.41873 0.0070175
9 3 2 14 -2.52651 0.0118758
9 3 2 15 -2.1603 0.00917287
9 3 2 16 -1.60323 0.0163341
9 3 2 17 2.32358 0.00748867
9 3 2 18 2.09605 0.00826201
9 3 2 19 1.47233 0.00779864
9 3 2 20 1.42966 0.00266052
9 3 2 21 1.91001 0.00914668
9 3 2 22 1.34989 0.00521881
9 3 2 23 1.89982 0.0233913
9 3 2 24 2.75608 0.010977
9 3 2 25 2.65067 0.00872038
9 3 2 26 1.6677 0.00900678
9 3 2 27 1.60508 0.00711539
9 3 2 28 1.5214 0.00972066
9 3 2 29 0.669836 0.0078829
9 3 2 30 0.660132 0.0097401
9 3 2 31 2.02616 0.0095435
9 3 2 32 2.28904 0.00638905
9 3 2 33 2.78995 0.00956452
9 3 2 34 2.48313 0.00490015
9 3 2 35 1.82505 0.00956382
9 3 2 36 1.93271 0.00894657
9 3 2 37 2.24216 0.00929763
9 3 2 38 1.89152 0.0126676
9 3 2 39 2.53293 0.0181468
9 3 2 40 3.38315 0.00762251
9 3 2 41 3.03904 0.00981959
9 3 2 42 2.41282 0.00311081
9 3 2 43 2.49735 0.00441687
9 3 2 44 2.38846 0.00637311
9 3 2 45 1.36222 0.00594133
9 3 2 46 1.34281 0.00791585
9 3 2 47 1.70237 0.00853828
9 3 2 48 5.18009 2.2028
9 3 2 49 -1.12704 0.012541
9 3 2 50 -0.525476 0.00640579
9 3 2 51 -1.62197 0.0166144
9 3 2 52 -1.42159 0.00690468
9 3 2 53 -1.52212 0.0035926
9 3 2 54 -1.13644 0.00970448
9 3 2 55 -0.62478 0.00871266
9 3 2 56 -0.0241333 0.0157462
9 3 2 57 -1.00411 0.011797
9 3 2 58 -1.02749 0.0111186
9 3 2 59 -1.51498 0.00418368
9 3 2 60 -1.59225 0.0044298
9 3 2 61 -2.17159 0.011963
9 3 2 62 -2.1932 0.010083
9 3 2 63 -1.42922 0.0156679
9 3 2 64 -1.18679 0.0135627
9 3 2 65 -4.51772 0.00348615
9 3 2 66 -4.7676 0.00852795
9 3 2 67 -5.06344 0.0141103
9 3 2 68 -4.95229 0.0101923
9 3 2 69 -5.03646 0.0121808
9 3 2 70 -4.5975 0.00397638
9 3 2 71 -4.53829 0.00387398
9 3 2 72 -874.557 0
9 3 3 1 -874.557 0
9 3 3 2 -1.18655 0.011956
9 3 3 3 -1.85476 0.0105021
9 3 3 4 -1.72683 0.00706023
9 3 3 5 -1.07223 0.0117434
9 3 3 6 -0.964624 0.00902077
9 3 3 7 -0.333032 0.0105247
9 3 3 8 -0.207117 0.0133195
9 3 3 9 -0.568994 0.00756841
9 3 3 10 -1.5353 0.00879369
9 3 3 11 -1.63632 0.00771537
9 3 3 12 -1.73873 0.00736793
9 3 3 13 -2.11172 0.011623
9 3 3 14 -2.35397 0.011597
9 3 3 15 -1.56838 0.0145728
9 3 3 16 -1.34493 0.00764128
9 3 3 17 2.5449 0.00519972
9 3 3 18 2.46091 0.00283813
9 3 3 19 1.91501 0.011422
9 3 3 20 1.56077 0.00574694
9 3 3 21 2.71927 0.00790366
9 3 3 22 1.93992 0.00913842
9 3 3 23 2.43033 0.00708268
9 3 3 24 3.18662 0.00808937
9 3 3 25 2.70725 0.0100068
9 3 3 26 2.18912 0.00851326
9 3 3 27 1.87882 0.00942554
9 3 3 28 1.97037 0.0122611
9 3 3 29 1.40885 0.00583593
9 3 3 30 1.39377 0.00455619
9 3 3 31 2.32865 0.00654054
9 3 3 32 2.45359 0.00585936
9 3 3 33 3.14969 0.00796732
9 3 3 34 3.15201 0.00844213
9 3 3 35 2.0781 0.00920394
9 3 3 36 2.34165 0.00540176
9 3 3 37 2.78904 0.0124695
9 3 3 38 2.34104 0.00650072
9 3 3 39 3.21128 0.0183395
9 3 3 40 3.55228 0.00611379
9 3 3 41 3.0264 0.0108589
9 3 3 42 2.44456 0.00140837
9 3 3 43 2.6074 0.00791068
9 3 3 44 2.39512 0.00481376
9 3 3 45 1.75828 0.00997323
9 3 3 46 1.42155 0.00494612
9 3 3 47 2.29154 0.00649547
9 3 3 48 2.5759 0.0150708
9 3 3 49 -0.540125 0.00392623
9 3 3 50 0.031897 0.0133887
9 3 3 51 -1.48739 0.0138311
9 3 3 52 -0.597986 0.00418883
9 3 3 53 -0.589197 0.00313467
9 3 3 54 -0.603967 0.00712952
9 3 3 55 -0.334497 0.0130822
9 3 3 56 0.421484 0.00462613
9 3 3 57 -0.507043 0.0102127
9 3 3 58 -0.828577 0.00800425
9 3 3 59 -1.3254 0.00787397
9 3 3 60 -0.893518 0.00871503
9 3 3 61 -1.46493 0.0054019
9 3 3 62 -1.45931 0.0139398
9 3 3 63 -0.502649 0.013259
9 3 3 64 -0.490381 0.00472375
9 3 3 65 -3.68087 0.00610194
9 3 3 66 -4.26248 0.0127196
9 3 3 67 -4.73922 0.00793266
9 3 3 68 -4.57174 0.00440866
9 3 3 69 -4.05081 0.0112928
9 3 3 70 -3.95541 0.00871969
9 3 3 71 -3.86947 0.00846595
9 3 3 72 -874.557 0
9 3 4 2 -1.4999 0.00483563
9 3 4 3 -2.02041 0.0151871
9 3 4 4 -1.60085 0.00849443
9 3 4 5 -2.24258 0.0163193
9 3 4 6 -1.55514 0.00594457
9 3 4 7 -0.638452 0.00970904
9 3 4 8 -0.563806 0.00538167
9 3 4 9 -0.721338 0.0203641
9 3 4 10 -1.67312 0.00627402
9 3 4 11 -1.90811 0.0130457
9 3 4 12 -2.08608 0.00891319
9 3 4 13 -2.87161 0.00893733
9 3 4 14 -2.54061 0.0119511
9 3 4 15 -2.22878 0.00891622
9 3 4 16 -1.54257 0.0139641
9 3 4 17 1.52744 0.00717878
9 3 4 18 2.37235 0.00453983
9 3 4 19 1.43955 0.00739653
9 3 4 20 1.40238 0.00361117
9 3 4 21 1.38175 0.00493622
9 3 4 22 1.42362 0.00299255
9 3 4 23 1.70206 0.00876493
9 3 4 24 2.68485 0.0108182
9 3 4 25 2.13315 0.00945985
9 3 4 26 1.73313 0.00956344
9 3 4 27 1.67234 0.00775093
9 3 4 28 1.50223 0.0092556
9 3 4 29 -0.578821 0.00318838
9 3 4 30 0.528906 0.00697264
9 3 4 31 1.99967 0.00931554
9 3 4 32 2.22434 0.00731382
9 3 4 33 2.26652 0.00860853
9 3 4 34 2.71702 0.00811287
9 3 4 35 1.81132 0.0093936
9 3 4 36 1.70316 0.00788089
9 3 4 37 1.13853 0.010075
9 3 4 38 1.81553 0.0124927
9 3 4 39 2.55558 0.0177316
9 3 4 40 3.35776 0.00676613
9 3 4 41 2.38517 0.00631653
9 3 4 42 2.45176 0.00232508
9 3 4 43 2.49424 0.00415525
9 3 4 44 2.40262 0.00595663
9 3 4 45 -0.454004 0.0062871
9 3 4 46 1.16312 0.00994401
9 3 4 47 1.94279 0.00950215
9 3 4 48 2.24155 0.0154303
9 3 4 49 -1.36154 0.0114098
9 3 4 50 -0.524622 0.00719194
9 3 4 51 -1.87472 0.0166868
9 3 4 52 -1.42813 0.00672777
9 3 4 53 -2.30013 0.00778836
9 3 4 54 -1.08517 0.00882727
9 3 4 55 -0.597437 0.00841742
9 3 4 56 -0.294092 0.0150447
9 3 4 57 -1.53707 0.00796575
9 3 4 58 -1.22537 0.0107219
9 3 4 59 -1.56271 0.00330621
9 3 4 60 -1.57577 0.00367979
9 3 4 61 -2.62722 0.00963083
9 3 4 62 -1.75552 0.00750254
9 3 4 63 -1.4252 0.0156056
9 3 4 64 -0.790613 0.0129081
9 3 4 65 -4.72115 0.00642022
9 3 4 66 -4.57473 0.0060726
9 3 4 67 -5.31857 0.0120529
9 3 4 68 -5.24978 0.00917
9 3 4 69 -5.81332 0.011382
9 3 4 70 -4.92739 0.00855265
9 3 4 71 -4.56198 0.0031506
9 3 4 72 -874.557 0
10 1 1 1 -887.055 0
10 1 1 2 -8.9582 0.0168947
10 1 1 3 -9.67378 0.0185902
10 1 1 4 -10.8958 0.0153894
10 1 1 5 -8.97828 0.0164797
10 1 1 6 -9.89851 0.00982904
10 1 1 7 -8.99031 0.00518673
10 1 1 8 -8.82728 0.011055
10 1 1 9 -9.42378 0.0161096
10 1 1 10 -9.22773 0.0110861
10 1 1 11 -9.32374 0.00972806
10 1 1 12 -9.89973 0.00658265
10 1 1 13 -10.0959 0.0068194
10 1 1 14 -10.0676 0.00735822
10 1 1 15 -9.17201 0.00760868
10 1 1 16 -9.09614 0.00437482
10 1 1 17 -4.78883 0.00788794
10 1 1 18 -5.02668 0.00562019
10 1 1 19 -6.03157 0.00525941
10 1 1 20 -6.21949 0.00737811
10 1 1 21 -5.3274 0.0140651
10 1 1 22 -5.69801 0.0108909
10 1 1 23 -4.90553 0.00710336
10 1 1 24 -4.79902 0.0105271
10 1 1 25 -4.83644 0.0110402
10 1 1 26 -5.42665 0.0131494
10 1 1 27 -5.59193 0.0106648
10 1 1 28 -6.04701 0.00526782
10 1 1 29 -6.71217 0.00916867
10 1 1 30 -6.25697 0.00754756
10 1 1 31 -5.27711 0.0116767
10 1 1 32 -5.21272 0.00717359
10 1 1 33 -2.13789 0.0137431
10 1 1 34 -2.42591 0.0116881
10 1 1 35 -3.44087 0.00945473
10 1 1 36 -3.31245 0.00948783
10 1 1 37 -2.35127 0.00948605
10 1 1 38 -2.76216 0.0105476
10 1 1 39 -1.25831 0.00881313
10 1 1 40 -1.22773 0.00721935
10 1 1 41 -1.78236 0.0106625
10 1 1 42 -2.33326 0.0134352
10 1 1 43 -2.57631 0.00926601
10 1 1 44 -3.08845 0.00927465
10 1 1 45 -2.51423 0.0119553
10 1 1 46 -2.33876 0.0117425
10 1 1 47 -1.91377 0.0100637
10 1 1 48 -1.56758 0.0117875
10 1 1 49 1.94671 0.0117713
10 1 1 50 2.04393 0.0110065
10 1 1 51 1.22991 0.0110855
10 1 1 52 0.919667 0.00935473
10 1 1 53 3.08733 0.0211366
10 1 1 54 1.86583 0.00651145
10 1 1 55 2.62566 0.0140439
10 1 1 56 2.9337 0.0107259
10 1 1 57 1.87084 0.0131893
10 1 1 58 2.01543 0.0101846
10 1 1 59 1.45287 0.010165
10 1 1 60 0.993763 0.00865162
10 1 1 61 0.788502 0.0118389
10 1 1 62 0.81725 0.0143645
10 1 1 63 1.82726 0.00780486
10 1 1 64 1.90825 0.0128129
10 1 1 65 1.3825 0.00852231
10 1 1 66 1.02111 0.0103972
10 1 1 67 0.407154 0.00932006
10 1 1 68 0.147633 0.0102309
10 1 1 69 0.635609 0.0114009
10 1 1 70 0.927052 0.00275451
10 1 1 71 1.51531 0.00905825
10 1 2 1 -887.055 0
10 1 2 2 -9.04585 0.00994705
10 1 2 3 -9.60151 0.0162776
10 1 2 4 -10.9355 0.0228343
10 1 2 5 -9.22505 0.0203469
10 1 2 6 -9.99421 0.0119035
10 1 2 7 -8.95295 0.0145198
10 1 2 8 -8.93605 0.00816222
10 1 2 9 -9.33461 0.012856
10 1 2 10 -9.51301 0.0128736
10 1 2 11 -9.53749 0.0108273
10 1 2 12 -9.95039 0.00577412
10 1 2 13 -9.43739 0.0116464
10 1 2 14 -10.0052 0.0138032
10 1 2 15 -9.44313 0.0124768
10 1 2 16 -9.5652 0.00895124
10 1 2 17 -5.04969 0.0048825
10 1 2 18 -5.16389 0.00688011
10 1 2 19 -6.50367 0.00904623
10 1 2 20 -6.73164 0.00888423
10 1 2 21 -5.28694 0.018652
10 1 2 22 -6.95478 0.0111655
10 1 2 23 -4.91426 0.0139716
10 1 2 24 -5.35878 0.0110499
10 1 2 25 -5.26832 0.0152689
10 1 2 26 -5.72694 0.012804
10 1 2 27 -5.69429 0.0122122
10 1 2 28 -6.58076 0.0107068
10 1 2 29 -6.64814 0.0126747
10 1 2 30 -6.66523 0.0150869
10 1 2 31 -5.87703 0.0103241
10 1 2 32 -5.87471 0.0102603
10 1 2 33 -2.14668 0.0160989
10 1 2 34 -2.69148 0.0110658
10 1 2 35 -3.8401 0.00883121
10 1 2 36 -3.49519 0.00997306
10 1 2 37 -2.4878 0.0136792
10 1 2 38 -3.19477 0.0100622
10 1 2 39 -1.25166 0.0187411
10 1 2 40 -1.52174 0.00949745
10 1 2 41 -1.99043 0.0130463
10 1 2 42 -2.34974 0.0100424
10 1 2 43 -2.67384 0.00948918
10 1 2 44 -3.15516 0.00920756
10 1 2 45 -2.47248 0.0146211
10 1 2 46 -2.3946 0.0193742
10 1 2 47 -1.96626 0.00936384
10 1 2 48 -1.93843 0.0332531
10 1 2 49 1.8767 0.013141
10 1 2 50 1.95458 0.0096614
10 1 2 51 1.1884 0.0148366
10 1 2 52 0.935963 0.00924026
10 1 2 53 2.79192 0.0233918
10 1 2 54 1.52629 0.012556
10 1 2 55 2.4381 0.0137953
10 1 2 56 2.56932 0.0141385
10 1 2 57 1.58635 0.015896
10 1 2 58 1.92699 0.0130235
10 1 2 59 1.45952 0.00901818
10 1 2 60 0.962452 0.00701844
10 1 2 61 0.996022 0.0179495
10 1 2 62 0.765126 0.0199828
10 1 2 63 1.73424 0.0164244
10 1 2 64 1.55022 0.0134754
10 1 2 65 1.30632 0.0083532
10 1 2 66 0.915516 0.00952991
10 1 2 67 0.302784 0.00936876
10 1 2 68 0.028065 0.00886344
10 1 2 69 0.19701 0.00992229
10 1 2 70 0.169422 0.00919536
10 1 2 71 1.3073 0.00892456
10 1 2 72 -887.055 0
10 1 3 1 -887.055 0
10 1 3 2 -9.02766 0.0136898
10 1 3 3 -9.68745 0.0178712
10 1 3 4 -10.7879 0.0221401
10 1 3 5 -9.22236 0.011854
10 1 3 6 -9.86049 0.0120652
10 1 3 7 -8.58607 0.00967508
10 1 3 8 -8.73048 0.0122211
10 1 3 9 -9.24372 0.0154566
10 1 3 10 -9.46772 0.00949451
10 1 3 11 -9.31825 0.00970854
10 1 3 12 -10.0061 0.0040326
10 1 3 13 -9.11915 0.0186989
10 1 3 14 -9.93983 0.00850214
10 1 3 15 -9.19484 0.00794602
10 1 3 16 -9.15065 0.00555651
10 1 3 17 -4.63392 0.00870849
10 1 3 18 -4.91755 0.00663088
10 1 3 19 -5.95082 0.00576517
10 1 3 20 -6.11824 0.00545768
10 1 3 21 -5.12696 0.0101404
10 1 3 22 -5.66822 0.0118278
10 1 3 23 -4.66432 0.00953838
10 1 3 24 -4.55452 0.0115099
10 1 3 25 -4.87428 0.0098867
10 1 3 26 -5.65797 0.0127627
10 1 3 27 -5.66584 0.0106865
10 1 3 28 -6.08137 0.00478823
10 1 3 29 -6.2472 0.00981826
10 1 3 30 -6.04536 0.0046853
10 1 3 31 -5.37477 0.0123153
10 1 3 32 -5.19325 0.00696989
10 1 3 33 -2.04304 0.0108094
10 1 3 34 -2.33168 0.010267
10 1 3 35 -3.4264 0.00946204
10 1 3 36 -3.13435 0.00681216
10 1 3 37 -2.27284 0.00928853
10 1 3 38 -2.77766 0.0106848
10 1 3 39 -1.16737 0.0107341
10 1 3 40 -1.38789 0.00907814
10 1 3 41 -1.97328 0.00795093
10 1 3 42 -2.51454 0.00986915
10 1 3 43 -2.5796 0.00931773
10 1 3 44 -3.09889 0.00937676
10 1 3 45 -1.93391 0.0195937
10 1 3 46 -1.77851 0.0174058
10 1 3 47 -1.76313 0.0112908
10 1 3 48 -1.37892 0.0110272
10 1 3 49 1.93065 0.0122972
10 1 3 50 2.01879 0.0107079
10 1 3 51 1.29686 0.0121872
10 1 3 52 0.914906 0.0115314
10 1 3 53 2.0385 0.0134193
10 1 3 54 1.88414 0.00608456
10 1 3 55 2.74584 0.0141354
10 1 3 56 2.91661 0.0106426
10 1 3 57 1.88237 0.0125896
10 1 3 58 1.92052 0.00925639
10 1 3 59 1.42992 0.0104137
10 1 3 60 1.04131 0.00955872
10 1 3 61 1.43645 0.0198161
10 1 3 62 0.953785 0.0150993
10 1 3 63 1.90612 0.00627476
10 1 3 64 1.91954 0.013035
10 1 3 65 1.48919 0.00876446
10 1 3 66 1.05523 0.0113264
10 1 3 67 0.4688 0.00933549
10 1 3 68 0.187428 0.0105511
10 1 3 69 0.784901 0.00981841
10 1 3 70 0.913868 0.00321602
10 1 3 71 1.50957 0.00907251
10 1 3 72 -887.055 0
10 1 4 2 -8.99598 0.0216704
10 1 4 3 -9.62013 0.0159866
10 1 4 4 -10.464 0.0248649
10 1 4 5 -8.85542 0.0299936
10 1 4 6 -9.92372 0.0121048
10 1 4 7 -9.39778 0.0116621
10 1 4 8 -8.91731 0.00857605
10 1 4 9 -9.65998 0.0126671
10 1 4 10 -9.70997 0.0143158
10 1 4 11 -9.55336 0.0110707
10 1 4 12 -9.94593 0.00592124
10 1 4 13 -9.65553 0.0122525
10 1 4 14 -8.60786 0.0330466
10 1 4 15 -9.50611 0.0120855
10 1 4 16 -9.27485 0.008448
10 1 4 17 -5.07362 0.00542984
10 1 4 18 -4.08345 0.0338272
10 1 4 19 -6.4189 0.00866465
10 1 4 20 -6.52443 0.00947814
10 1 4 21 -7.0951 0.0108707
10 1 4 22 -6.87031 0.0118616
10 1 4 23 -5.18562 0.0157558
10 1 4 24 -5.56715 0.0105967
10 1 4 25 -5.80842 0.0120505
10 1 4 26 -5.99086 0.0112114
10 1 4 27 -5.72816 0.0121036
10 1 4 28 -6.83638 0.0107279
10 1 4 29 -8.28151 0.0208249
10 1 4 30 -5.17988 0.0366405
10 1 4 31 -6.1493 0.00956532
10 1 4 32 -5.82801 0.0123781
10 1 4 33 -2.23054 0.0144559
10 1 4 34 -2.66578 0.0145837
10 1 4 35 -3.86439 0.00876391
10 1 4 36 -3.33662 0.00944795
10 1 4 37 -3.0171 0.030235
10 1 4 38 -3.31276 0.0113043
10 1 4 39 -2.06221 0.0137142
10 1 4 40 -2.40351 0.0117322
10 1 4 41 -2.67591 0.0123298
10 1 4 42 -2.79878 0.0143558
10 1 4 43 -2.63679 0.010804
10 1 4 44 -3.49159 0.0119791
10 1 4 45 -1.81239 0.0158312
10 1 4 46 -0.55653 0.0322525
10 1 4 47 -1.98829 0.00932603
10 1 4 48 -1.8437 0.011933
10 1 4 49 1.87969 0.0142508
10 1 4 50 2.82036 0.0313865
10 1 4 51 1.26195 0.0149462
10 1 4 52 0.953663 0.00897301
10 1 4 53 2.41204 0.0406009
10 1 4 54 1.39702 0.0119518
10 1 4 55 2.372 0.013713
10 1 4 56 2.50628 0.0148253
10 1 4 57 1.5739 0.0175775
10 1 4 58 1.8507 0.01263
10 1 4 59 1.32396 0.00876528
10 1 4 60 0.895436 0.00742831
10 1 4 61 1.26342 0.0157914
10 1 4 62 2.22625 0.0352935
10 1 4 63 1.4608 0.012927
10 1 4 64 1.77904 0.0135637
10 1 4 65 1.25103 0.00824934
10 1 4 66 1.34386 0.0237753
10 1 4 67 0.260121 0.00969227
10 1 4 68 0.265858 0.011014
10 1 4 69 -0.665233 0.0118371
10 1 4 70 0.206043 0.0095515
10 1 4 71 1.16277 0.00875948
10 1 4 72 -887.055 0
10 2 1 1 -887.055 0
10 2 1 2 11.3578 0.018672
10 2 1 3 10.4749 0.0198097
10 2 1 4 10.2808 0.0157763
10 2 1 5 11.0174 0.0190372
10 2 1 6 11.4308 0.0130515
10 2 1 7 11.906 0.0151403
10 2 1 8 11.8269 0.00962202
10 2 1 9 11.0267 0.00767357
10 2 1 10 10.5833 0.0152761
10 2 1 11 10.4632 0.0177069
10 2 1 12 10.0685 0.0111486
10 2 1 13 9.85631 0.0121829
10 2 1 14 9.88414 0.0102196
10 2 1 15 10.9466 0.0166263
10 2 1 16 10.8949 0.0168387
10 2 1 17 11.8327 0.0103095
10 2 1 18 11.118 0.0171021
10 2 1 19 10.0657 0.0193293
10 2 1 20 9.94878 0.0104863
10 2 1 21 10.9007 0.014551
10 2 1 22 10.5084 0.0123087
10 2 1 23 10.958 0.0176539
10 2 1 24 11.1676 0.0112652
10 2 1 25 11.4061 0.0106017
10 2 1 26 11.2451 0.0163055
10 2 1 27 10.4097 0.0178136
10 2 1 28 11.0766 0.0116176
10 2 1 29 9.53923 0.0131385
10 2 1 30 9.94396 0.00968244
10 2 1 31 10.3258 0.018233
10 2 1 32 10.8403 0.0187219
10 2 1 33 7.88799 0.0139772
10 2 1 34 7.6989 0.0155632
10 2 1 35 6.84069 0.019595
10 2 1 36 6.29387 0.0128102
10 2 1 37 7.02959 0.0118414
10 2 1 38 6.93291 0.0111105
10 2 1 39 7.85381 0.00545884
10 2 1 40 7.9453 0.00280195
10 2 1 41 7.21502 0.0108722
10 2 1 42 7.03728 0.00999672
10 2 1 43 6.88805 0.00431746
10 2 1 44 6.96782 0.00893864
10 2 1 45 5.86919 0.00903976
10 2 1 46 5.92888 0.00896334
10 2 1 47 6.95397 0.00827469
10 2 1 48 7.12468 0.0161187
10 2 1 49 7.90215 0.016697
10 2 1 50 7.18645 0.0159056
10 2 1 51 6.08886 0.0201772
10 2 1 52 6.5728 0.0129447
10 2 1 53 6.81108 0.0128513
10 2 1 54 6.97338 0.0120079
10 2 1 55 7.9406 0.00421996
10 2 1 56 7.56206 0.00923386
10 2 1 57 7.15148 0.0108355
10 2 2 1 -887.055 0
10 2 2 2 11.2512 0.0178038
10 2 2 3 10.2737 0.0171374
10 2 2 4 10.3656 0.0191859
10 2 2 5 11.8738 0.0256286
10 2 2 6 11.029 0.0163683
10 2 2 7 11.9083 0.0192784
10 2 2 8 11.6278 0.00946917
10 2 2 9 10.9576 0.0163733
10 2 2 10 10.6933 0.0140762
10 2 2 11 10.3477 0.0187132
10 2 2 12 10.0032 0.011778
10 2 2 13 11.8821 0.00991489
10 2 2 14 9.89757 0.018471
10 2 2 15 10.5348 0.0180332
10 2 2 16 10.8274 0.0147268
10 2 2 17 11.3581 0.0163076
10 2 2 18 10.9015 0.0156614
10 2 2 19 10.0627 0.015928
10 2 2 20 9.91704 0.012068
10 2 2 21 10.3428 0.0167229
10 2 2 22 10.0483 0.0176268
10 2 2 23 10.8157 0.0137587
10 2 2 24 11.3131 0.016831
10 2 2 25 11.838 0.0136906
10 2 2 26 11.071 0.0140212
10 2 2 27 10.6498 0.0186223
10 2 2 28 10.736 0.0126394
10 2 2 29 10.0375 0.012735
10 2 2 30 9.32946 0.0150507
10 2 2 31 10.1146 0.0182019
10 2 2 32 10.5259 0.0160526
10 2 2 33 7.64721 0.0172778
10 2 2 34 7.58434 0.0162836
10 2 2 35 6.7846 0.0163747
10 2 2 36 6.32012 0.0188152
10 2 2 37 7.22814 0.022506
10 2 2 38 6.89959 0.0143664
10 2 2 39 7.48095 0.0114303
10 2 2 40 7.81786 0.00664022
10 2 2 41 7.05974 0.013125
10 2 2 42 6.94811 0.00641119
10 2 2 43 6.53136 0.0112157
10 2 2 44 6.76097 0.00884901
10 2 2 45 6.20122 0.0197574
10 2 2 46 5.82061 0.0162736
10 2 2 47 6.59594 0.0106039
10 2 2 48 7.09472 0.0163575
10 2 2 49 7.57286 0.0158442
10 2 2 50 6.92089 0.015991
10 2 2 51 5.99242 0.0155517
10 2 2 52 6.12651 0.0162066
10 2 2 53 6.03978 0.0165511
10 2 2 54 6.1964 0.0157838
10 2 2 55 7.4356 0.0111661
10 2 2 56 7.55675 0.00930379
10 2 2 57 6.49334 0.016739
10 2 2 58 -887.055 0
10 2 3 1 -887.055 0
10 2 3 2 11.4768 0.0183523
10 2 3 3 10.4732 0.019821
10 2 3 4 10.1138 0.0116257
10 2 3 5 10.9763 0.0166265
10 2 3 6 11.2814 0.0111941
10 2 3 7 11.9039 0.0136455
10 2 3 8 11.7515 0.0109419
10 2 3 9 10.9643 0.00598512
10 2 3 10 10.8304 0.0137819
10 2 3 11 10.6127 0.0182708
10 2 3 12 10.1353 0.0118098
10 2 3 13 10.0445 0.0121847
10 2 3 14 10.2865 0.016219
10 2 3 15 10.9163 0.0167851
10 2 3 16 10.9208 0.0186411
10 2 3 17 11.6276 0.0118814
10 2 3 18 11.1252 0.0170501
10 2 3 19 10.0801 0.0193178
10 2 3 20 9.99712 0.0103507
10 2 3 21 10.8036 0.0151852
10 2 3 22 10.0901 0.00906609
10 2 3 23 10.9266 0.0152804
10 2 3 24 11.0141 0.00834142
10 2 3 25 11.6749 0.0104257
10 2 3 26 11.6091 0.0156126
10 2 3 27 10.5489 0.0177239
10 2 3 28 10.8443 0.0108619
10 2 3 29 9.51934 0.013181
10 2 3 30 9.88213 0.0103052
10 2 3 31 10.1508 0.0175845
10 2 3 32 10.7875 0.017976
10 2 3 33 7.88774 0.0153302
10 2 3 34 7.67577 0.0154459
10 2 3 35 6.8676 0.0194544
10 2 3 36 6.2791 0.0124945
10 2 3 37 6.95751 0.0110288
10 2 3 38 6.90514 0.0113643
10 2 3 39 7.69695 0.00810905
10 2 3 40 7.93712 0.00322167
10 2 3 41 7.25896 0.0117944
10 2 3 42 7.02459 0.0123268
10 2 3 43 6.89525 0.00383103
10 2 3 44 6.83886 0.00970278
10 2 3 45 5.932 0.00784708
10 2 3 46 5.91582 0.0130201
10 2 3 47 6.9204 0.00826495
10 2 3 48 7.29705 0.0179565
10 2 3 49 7.87328 0.0158224
10 2 3 50 7.34514 0.0164107
10 2 3 51 6.1718 0.020415
10 2 3 52 6.29204 0.012846
10 2 3 53 6.42687 0.0134196
10 2 3 54 6.80962 0.012612
10 2 3 55 7.9406 0.00445107
10 2 3 56 7.221 0.00861465
10 2 3 57 7.23693 0.0258135
10 2 4 2 11.1019 0.0169616
10 2 4 3 10.3109 0.0175746
10 2 4 4 9.99883 0.0125218
10 2 4 5 9.61486 0.114451
10 2 4 6 10.9072 0.0160704
10 2 4 7 11.4308 0.0138312
10 2 4 8 11.3584 0.0102199
10 2 4 9 10.4651 0.0155616
10 2 4 10 10.5481 0.0149016
10 2 4 11 10.3652 0.018832
10 2 4 12 10.0134 0.0115084
10 2 4 13 10.1443 0.0165855
10 2 4 14 9.7943 0.0132148
10 2 4 15 10.5904 0.0161869
10 2 4 16 10.9082 0.0140773
10 2 4 17 10.9902 0.0134267
10 2 4 18 10.9827 0.0155636
10 2 4 19 9.97722 0.0146848
10 2 4 20 9.87969 0.0124169
10 2 4 21 9.00115 0.01411
10 2 4 22 9.87749 0.0143995
10 2 4 23 10.4364 0.0131817
10 2 4 24 10.9273 0.0161283
10 2 4 25 11.6807 0.0149848
10 2 4 26 11.0804 0.0143819
10 2 4 27 10.3855 0.0189172
10 2 4 28 10.6428 0.0132162
10 2 4 29 9.87493 0.00921081
10 2 4 30 9.10747 0.0145317
10 2 4 31 9.91442 0.0134086
10 2 4 32 10.4245 0.0161882
10 2 4 33 7.35308 0.0187499
10 2 4 34 7.6082 0.0159957
10 2 4 35 6.804 0.0166674
10 2 4 36 6.00762 0.0149723
10 2 4 37 6.81755 0.0301973
10 2 4 38 6.9074 0.0140255
10 2 4 39 7.08153 0.0093016
10 2 4 40 7.63231 0.0089196
10 2 4 41 6.971 0.0126743
10 2 4 42 6.97319 0.00850231
10 2 4 43 6.58757 0.0127657
10 2 4 44 6.88225 0.00710084
10 2 4 45 5.02758 0.0143981
10 2 4 46 5.9041 0.0145386
10 2 4 47 6.76781 0.00910264
10 2 4 48 7.24541 0.017638
10 2 4 49 6.84642 0.0150237
10 2 4 50 7.0233 0.0152804
10 2 4 51 5.94957 0.0153372
10 2 4 52 6.06536 0.0158844
10 2 4 53 5.09099 0.0160886
10 2 4 54 5.91118 0.0132907
10 2 4 55 7.22014 0.010137
10 2 4 56 7.1198 0.0122839
10 2 4 57 6.11162 0.0129329
10 3 1 1 -887.055 0
10 3 1 2 -9.42421 0.0151793
10 3 1 3 -10.1322 0.0148411
10 3 1 4 -10.2542 0.0217957
10 3 1 5 -9.91188 0.0165369
10 3 1 6 -9.99617 0.0116201
10 3 1 7 -9.40504 0.0105495
10 3 1 8 -8.71608 0.0117545
10 3 1 9 -8.68135 0.0163697
10 3 1 10 -9.09016 0.0153113
10 3 1 11 -10.2643 0.00875328
10 3 1 12 -10.1848 0.00662441
10 3 1 13 -10.4634 0.00976754
10 3 1 14 -9.60444 0.013154
10 3 1 15 -9.14351 0.00598355
10 3 1 16 -9.41951 0.00857421
10 3 1 17 -5.17366 0.00613805
10 3 1 18 -5.72407 0.00934131
10 3 1 19 -5.93324 0.00700558
10 3 1 20 -6.63124 0.009414
10 3 1 21 -6.22432 0.012207
10 3 1 22 -6.27644 0.0102793
10 3 1 23 -5.4355 0.0103266
10 3 1 24 -4.95716 0.00910835
10 3 1 25 -5.63581 0.0115953
10 3 1 26 -5.08485 0.0156541
10 3 1 27 -6.31092 0.00960135
10 3 1 28 -6.1172 0.00726712
10 3 1 29 -6.10646 0.00518404
10 3 1 30 -6.09199 0.00692334
10 3 1 31 -5.40522 0.0118899
10 3 1 32 -5.05445 0.00515708
10 3 1 33 -2.21174 0.0134261
10 3 1 34 -1.82472 0.0103715
10 3 1 35 -3.13734 0.00816233
10 3 1 36 -3.39558 0.00967916
10 3 1 37 -1.55067 0.0328949
10 3 1 38 -2.19905 0.0129508
10 3 1 39 -2.07887 0.00677661
10 3 1 40 -1.79011 0.00854824
10 3 1 41 -2.56709 0.0106549
10 3 1 42 -2.37153 0.0134262
10 3 1 43 -3.74092 0.00864266
10 3 1 44 -4.09455 0.00896707
10 3 1 45 -3.72126 0.00894315
10 3 1 46 -2.75825 0.0144571
10 3 1 47 -2.95039 0.0106025
10 3 1 48 -2.44777 0.0108421
10 3 1 49 1.87841 0.0126327
10 3 1 50 1.80016 0.0113412
10 3 1 51 1.17058 0.0112144
10 3 1 52 0.842579 0.0116105
10 3 1 53 2.62774 0.0274624
10 3 1 54 1.89873 0.0092743
10 3 1 55 1.94628 0.0121277
10 3 1 56 2.80779 0.0122452
10 3 1 57 1.45458 0.0167088
10 3 1 58 1.63543 0.0147639
10 3 1 59 0.423756 0.0101593
10 3 1 60 0.516224 0.0113821
10 3 1 61 0.372547 0.0130789
10 3 1 62 0.501515 0.0163672
10 3 1 63 1.0313 0.00771311
10 3 1 64 1.45287 0.0144777
10 3 1 65 1.56871 0.0086082
10 3 1 66 1.25084 0.0124743
10 3 1 67 -0.0666616 0.00454405
10 3 1 68 0.478626 0.0114859
10 3 1 69 1.06273 0.0111731
10 3 1 70 0.246266 0.00813126
10 3 1 71 1.52166 0.00904086
10 3 2 1 -887.055 0
10 3 2 2 -9.38893 0.0112088
10 3 2 3 -9.76918 0.0150867
10 3 2 4 -10.1472 0.0221029
10 3 2 5 -10.3619 0.0135113
10 3 2 6 -10.0488 0.00962664
10 3 2 7 -9.65779 0.00910723
10 3 2 8 -9.0243 0.00767813
10 3 2 9 -8.60719 0.0126613
10 3 2 10 -9.41328 0.0104603
10 3 2 11 -10.148 0.00604856
10 3 2 12 -10.3181 0.00847943
10 3 2 13 -10.2501 0.00746517
10 3 2 14 -9.24238 0.0200992
10 3 2 15 -9.44978 0.0114466
10 3 2 16 -9.59657 0.00981813
10 3 2 17 -6.13606 0.00587167
10 3 2 18 -6.88154 0.00809777
10 3 2 19 -6.59352 0.0104918
10 3 2 20 -7.68727 0.00960514
10 3 2 21 -7.74702 0.00925841
10 3 2 22 -7.61421 0.0138847
10 3 2 23 -6.58705 0.0109851
10 3 2 24 -6.13032 0.0098487
10 3 2 25 -6.08656 0.0157574
10 3 2 26 -6.26783 0.0146653
10 3 2 27 -6.84553 0.0126806
10 3 2 28 -7.05153 0.00581724
10 3 2 29 -7.4178 0.014084
10 3 2 30 -7.6208 0.0106191
10 3 2 31 -6.71949 0.0137989
10 3 2 32 -6.26301 0.0110213
10 3 2 33 -2.33015 0.0121253
10 3 2 34 -1.87489 0.0100143
10 3 2 35 -2.58619 0.0103936
10 3 2 36 -3.10743 0.00635951
10 3 2 37 -2.68684 0.0100856
10 3 2 38 -2.76051 0.0133122
10 3 2 39 -2.09712 0.0091042
10 3 2 40 -1.93629 0.00714111
10 3 2 41 -2.27955 0.0111811
10 3 2 42 -2.51161 0.0109817
10 3 2 43 -3.4759 0.00900829
10 3 2 44 -3.98866 0.00773113
10 3 2 45 -3.49726 0.0120698
10 3 2 46 -2.75154 0.0244351
10 3 2 47 -2.8506 0.0101184
10 3 2 48 -2.47633 0.0119489
10 3 2 49 1.77575 0.0130051
10 3 2 50 1.34728 0.0126228
10 3 2 51 1.48204 0.0147846
10 3 2 52 0.821339 0.0107027
10 3 2 53 1.22448 0.0179507
10 3 2 54 1.75115 0.0108299
10 3 2 55 1.58355 0.0187304
10 3 2 56 2.26445 0.0147548
10 3 2 57 1.90422 0.0143955
10 3 2 58 1.31432 0.0137857
10 3 2 59 0.544728 0.00867881
10 3 2 60 0.184681 0.00990775
10 3 2 61 0.534413 0.0146861
10 3 2 62 1.00719 0.0234033
10 3 2 63 0.99828 0.0136152
10 3 2 64 1.35582 0.0133768
10 3 2 65 1.79253 0.0063123
10 3 2 66 1.24315 0.0120942
10 3 2 67 0.021229 0.00656995
10 3 2 68 0.462818 0.0121204
10 3 2 69 0.534901 0.0112926
10 3 2 70 0.161549 0.00914956
10 3 2 71 1.40624 0.00935104
10 3 2 72 -887.055 0
10 3 3 1 -887.055 0
10 3 3 2 -9.33485 0.0150522
10 3 3 3 -10.114 0.0146119
10 3 3 4 -10.317 0.0213811
10 3 3 5 -10.129 0.013193
10 3 3 6 -10.0311 0.00833719
10 3 3 7 -9.53041 0.00945743
10 3 3 8 -8.36824 0.0113419
10 3 3 9 -8.94386 0.010192
10 3 3 10 -8.9275 0.01044
10 3 3 11 -10.2376 0.00734618
10 3 3 12 -10.106 0.00520442
10 3 3 13 -10.5326 0.00988116
10 3 3 14 -9.75441 0.0146575
10 3 3 15 -9.22535 0.00681641
10 3 3 16 -9.58778 0.0090396
10 3 3 17 -5.33076 0.00795088
10 3 3 18 -5.58833 0.00905292
10 3 3 19 -6.0904 0.00536732
10 3 3 20 -6.70808 0.00912417
10 3 3 21 -6.13313 0.0113834
10 3 3 22 -6.04945 0.00946997
10 3 3 23 -5.28309 0.0085785
10 3 3 24 -4.82441 0.0105471
10 3 3 25 -5.45283 0.0115212
10 3 3 26 -4.91768 0.00975199
10 3 3 27 -6.16163 0.00809057
10 3 3 28 -6.26118 0.00822336
10 3 3 29 -6.30604 0.0081713
10 3 3 30 -6.214 0.00696187
10 3 3 31 -5.38173 0.0117865
10 3 3 32 -5.15644 0.00636147
10 3 3 33 -2.30421 0.0127926
10 3 3 34 -1.7909 0.0103975
10 3 3 35 -3.12385 0.00768732
10 3 3 36 -3.4159 0.00984556
10 3 3 37 -2.86653 0.00911456
10 3 3 38 -2.81392 0.0113217
10 3 3 39 -2.11909 0.00693682
10 3 3 40 -1.87263 0.00770305
10 3 3 41 -2.5193 0.0106759
10 3 3 42 -1.7732 0.0116486
10 3 3 43 -3.6753 0.00907233
10 3 3 44 -4.12373 0.00870906
10 3 3 45 -3.847 0.00780329
10 3 3 46 -2.89009 0.0143894
10 3 3 47 -2.94355 0.00905626
10 3 3 48 -2.40773 0.00978705
10 3 3 49 1.79766 0.0121996
10 3 3 50 1.80181 0.011258
10 3 3 51 1.06908 0.010461
10 3 3 52 0.746693 0.0113321
10 3 3 53 1.66698 0.0166194
10 3 3 54 1.87468 0.0112221
10 3 3 55 1.82189 0.0121077
10 3 3 56 2.84087 0.0123078
10 3 3 57 1.36773 0.0153964
10 3 3 58 1.39513 0.0114979
10 3 3 59 0.469288 0.0101566
10 3 3 60 0.324024 0.0110625
10 3 3 61 0.339222 0.0135088
10 3 3 62 0.613758 0.018866
10 3 3 63 1.01513 0.00753377
10 3 3 64 1.58184 0.0147663
10 3 3 65 1.36614 0.00884281
10 3 3 66 1.31011 0.0127437
10 3 3 67 -0.0776479 0.00473333
10 3 3 68 0.44524 0.0116153
10 3 3 69 0.81432 0.0108929
10 3 3 70 0.0710947 0.00629148
10 3 3 71 1.49602 0.0091001
10 3 3 72 -887.055 0
10 3 4 2 -8.5359 0.0217162
10 3 4 3 -9.69691 0.0203589
10 3 4 4 -9.92164 0.025342
10 3 4 5 -11.017 0.0121113
10 3 4 6 -9.94813 0.0112388
10 3 4 7 -9.83516 0.00778883
10 3 4 8 -9.31099 0.010647
10 3 4 9 -9.00819 0.00976146
10 3 4 10 -9.63124 0.00876714
10 3 4 11 -10.2185 0.00701129
10 3 4 12 -10.3554 0.00852447
10 3 4 13 -9.8387 0.0114382
10 3 4 14 -8.93415 0.0334818
10 3 4 15 -8.92976 0.0233584
10 3 4 16 -9.34614 0.0147952
10 3 4 17 -6.4886 0.00863778
10 3 4 18 -4.66822 0.0465928
10 3 4 19 -7.04554 0.00572432
10 3 4 20 -7.8437 0.00766261
10 3 4 21 -8.10359 0.00599505
10 3 4 22 -7.51594 0.0135867
10 3 4 23 -6.75758 0.0102634
10 3 4 24 -6.35615 0.00928764
10 3 4 25 -6.68287 0.0131115
10 3 4 26 -6.69081 0.0107294
10 3 4 27 -7.21119 0.00994316
10 3 4 28 -7.26448 0.00814032
10 3 4 29 -8.11152 0.011057
10 3 4 30 -7.47194 0.0208609
10 3 4 31 -6.48133 0.0099221
10 3 4 32 -6.25636 0.0110072
10 3 4 33 -2.69715 0.0117528
10 3 4 34 -1.79139 0.0108051
10 3 4 35 -2.91786 0.00841459
10 3 4 36 -3.12092 0.00689302
10 3 4 37 -3.54921 0.00994699
10 3 4 38 -2.43953 0.0225369
10 3 4 39 -2.07692 0.00683717
10 3 4 40 -2.08113 0.00565007
10 3 4 41 -2.45777 0.0115938
10 3 4 42 -2.85572 0.00909429
10 3 4 43 -3.55024 0.00915925
10 3 4 44 -4.06526 0.00712554
10 3 4 45 -3.51393 0.0145692
10 3 4 46 -3.11665 0.0261545
10 3 4 47 -2.89888 0.0095248
10 3 4 48 -2.36567 0.0156765
10 3 4 49 1.56206 0.0136973
10 3 4 50 2.09502 0.0290965
10 3 4 51 1.1715 0.0146325
10 3 4 52 0.750599 0.0117428
10 3 4 53 0.76659 0.016225
10 3 4 54 2.00359 0.0192899
10 3 4 55 1.50896 0.0105058
10 3 4 56 2.24193 0.0144421
10 3 4 57 1.31267 0.0157392
10 3 4 58 0.991932 0.0108061
10 3 4 59 0.265064 0.00829128
10 3 4 60 0.150074 0.00947946
10 3 4 61 0.727345 0.0165297
10 3 4 62 1.58306 0.0347761
10 3 4 63 1.6751 0.0271151
10 3 4 64 1.96795 0.0246165
10 3 4 65 1.31383 0.00858759
10 3 4 66 1.51049 0.0135489
10 3 4 67 -0.0276601 0.00588074
10 3 4 68 0.594654 0.0118023
10 3 4 69 -0.0806997 0.00830565
10 3 4 70 0.0978281 0.00849967
10 3 4 71 1.59264 0.0086335
10 3 4 72 -887.055 0
11 1 1 1 -886.904 0
11 1 1 2 -8.84353 0.0152645
11 1 1 3 -9.6896 0.00788653
11 1 1 4 -9.88711 0.00535768
11 1 1 5 -9.03066 0.0160334
11 1 1 6 -9.86215 0.00513524
11 1 1 7 -9.10397 0.0095942
11 1 1 8 -8.38925 0.00923442
11 1 1 9 -8.88052 0.0085392
11 1 1 10 -9.04031 0.00633158
11 1 1 11 -9.81442 0.00663435
11 1 1 12 -9.78488 0.00607897
11 1 1 13 -10.0482 0.00798725
11 1 1 14 -9.85501 0.0107236
11 1 1 15 -9.31637 0.0144607
11 1 1 16 -9.1174 0.00874142
11 1 1 17 -4.95254 0.0133955
11 1 1 18 -5.27676 0.0118249
11 1 1 19 -6.24246 0.00935259
11 1 1 20 -6.22659 0.0113191
11 1 1 21 -5.66769 0.0117005
11 1 1 22 -6.3926 0.00963277
11 1 1 23 -5.39358 0.0105758
11 1 1 24 -4.78219 0.00914137
11 1 1 25 -5.51583 0.0135049
11 1 1 26 -5.33364 0.00902597
11 1 1 27 -5.9692 0.0068126
11 1 1 28 -5.50363 0.00975139
11 1 1 29 -6.43875 0.0103014
11 1 1 30 -6.22964 0.00873267
11 1 1 31 -5.86917 0.0054551
11 1 1 32 -5.57302 0.00935338
11 1 1 33 -1.91409 0.00517798
11 1 1 34 -2.04092 0.00723172
11 1 1 35 -2.91812 0.0109073
11 1 1 36 -3.12344 0.00865177
11 1 1 37 -2.03762 0.00864158
11 1 1 38 -2.20126 0.0101306
11 1 1 39 -1.65628 0.00931967
11 1 1 40 -1.45657 0.0105016
11 1 1 41 -1.92794 0.00589908
11 1 1 42 -1.97457 0.00825221
11 1 1 43 -2.67019 0.00885026
11 1 1 44 -2.36288 0.0100963
11 1 1 45 -3.83596 0.0070827
11 1 1 46 -2.94808 0.00622895
11 1 1 47 -2.48782 0.0091119
11 1 1 48 -2.12423 0.0077736
11 1 1 49 1.64982 0.0117736
11 1 1 50 1.85111 0.0120533
11 1 1 51 0.636938 0.014928
11 1 1 52 0.137853 0.00423888
11 1 1 53 2.05246 0.00577776
11 1 1 54 1.93918 0.0101162
11 1 1 55 2.40458 0.0104579
11 1 1 56 2.03641 0.010652
11 1 1 57 2.12064 0.00411963
11 1 1 58 1.82377 0.00929365
11 1 1 59 1.41208 0.0105687
11 1 1 60 0.67069 0.00904424
11 1 1 61 1.00187 0.00841783
11 1 1 62 1.08158 0.00251817
11 1 1 63 1.9805 0.0128246
11 1 1 64 2.04209 0.00660363
11 1 1 65 2.02146 0.00959146
11 1 1 66 2.03141 0.00425135
11 1 1 67 1.05674 0.00737478
11 1 1 68 0.770055 0.012465
11 1 1 69 1.03611 0.0089746
11 1 1 70 1.07609 0.00289115
11 1 1 71 1.62363 0.0115545
11 1 2 1 -886.904 0
11 1 2 2 -9.2322 0.021855
11 1 2 3 -10.2447 0.0138429
11 1 2 4 -10.2718 0.0133353
11 1 2 5 -9.73281 0.0214551
11 1 2 6 -10.7271 0.0111398
11 1 2 7 -9.74356 0.0117853
11 1 2 8 -9.03671 0.0101946
11 1 2 9 -9.4902 0.0126331
11 1 2 10 -9.51565 0.0108353
11 1 2 11 -10.3861 0.00978504
11 1 2 12 -10.2606 0.009362
11 1 2 13 -10.6019 0.0138478
11 1 2 14 -10.6155 0.0103769
11 1 2 15 -10.1429 0.017593
11 1 2 16 -9.98837 0.00758071
11 1 2 17 -5.4855 0.0105948
11 1 2 18 -6.13217 0.0133175
11 1 2 19 -7.38101 0.0100246
11 1 2 20 -7.10977 0.0128697
11 1 2 21 -6.42605 0.0186622
11 1 2 22 -7.76309 0.00951165
11 1 2 23 -6.19479 0.0157415
11 1 2 24 -5.86489 0.0104916
11 1 2 25 -5.9512 0.0106259
11 1 2 26 -5.59567 0.010428
11 1 2 27 -6.80526 0.00770663
11 1 2 28 -6.48556 0.0107295
11 1 2 29 -7.55728 0.0134788
11 1 2 30 -7.59933 0.00930613
11 1 2 31 -6.78274 0.0091218
11 1 2 32 -6.68881 0.0109173
11 1 2 33 -2.0292 0.00579532
11 1 2 34 -2.05667 0.00793427
11 1 2 35 -3.18539 0.0141328
11 1 2 36 -3.3323 0.0123874
11 1 2 37 -2.80575 0.0100253
11 1 2 38 -2.90817 0.00759033
11 1 2 39 -1.6871 0.0109099
11 1 2 40 -1.7637 0.00770305
11 1 2 41 -2.09323 0.00959054
11 1 2 42 -2.06246 0.0103798
11 1 2 43 -2.83151 0.00753908
11 1 2 44 -2.80483 0.00753485
11 1 2 45 -3.78463 0.00911598
11 1 2 46 -3.68673 0.00913025
11 1 2 47 -2.90017 0.00523677
11 1 2 48 -2.9299 0.00599593
11 1 2 49 1.3198 0.00907251
11 1 2 50 1.50449 0.0134083
11 1 2 51 0.491369 0.0153492
11 1 2 52 0.22434 0.0134273
11 1 2 53 1.95298 0.0173788
11 1 2 54 1.23472 0.0110693
11 1 2 55 2.2501 0.013321
11 1 2 56 1.5413 0.0137421
11 1 2 57 1.90049 0.0076906
11 1 2 58 1.73905 0.00897262
11 1 2 59 1.10178 0.0145414
11 1 2 60 0.375158 0.00966444
11 1 2 61 0.594091 0.0147064
11 1 2 62 0.253759 0.0104116
11 1 2 63 1.64286 0.0123194
11 1 2 64 1.38205 0.0152608
11 1 2 65 1.47001 0.0117387
11 1 2 66 1.44755 0.0089714
11 1 2 67 0.5911 0.0102485
11 1 2 68 0.495275 0.012787
11 1 2 69 0.0971427 0.0127609
11 1 2 70 0.540197 0.0120482
11 1 2 71 1.46995 0.0117389
11 1 2 72 -886.904 0
11 1 3 1 -886.904 0
11 1 3 2 -8.79733 0.0196982
11 1 3 3 -9.74801 0.00709543
11 1 3 4 -9.89834 0.00555962
11 1 3 5 -9.01272 0.0157992
11 1 3 6 -9.83242 0.00571498
11 1 3 7 -9.2225 0.0105756
11 1 3 8 -8.65829 0.00798878
11 1 3 9 -8.8912 0.01128
11 1 3 10 -9.07638 0.00695658
11 1 3 11 -9.86007 0.00589123
11 1 3 12 -9.85726 0.00397308
11 1 3 13 -9.94058 0.0116822
11 1 3 14 -9.88827 0.0100257
11 1 3 15 -9.61935 0.0140239
11 1 3 16 -9.2731 0.00985962
11 1 3 17 -4.49099 0.0121921
11 1 3 18 -5.1614 0.014789
11 1 3 19 -6.17581 0.0091377
11 1 3 20 -6.15463 0.0113303
11 1 3 21 -5.66622 0.0119655
11 1 3 22 -6.4653 0.0101343
11 1 3 23 -5.25753 0.0102452
11 1 3 24 -4.96444 0.00898608
11 1 3 25 -5.46212 0.0137334
11 1 3 26 -5.28872 0.00896892
11 1 3 27 -5.90072 0.00857396
11 1 3 28 -5.92324 0.00700781
11 1 3 29 -6.24508 0.0131827
11 1 3 30 -6.02682 0.00614994
11 1 3 31 -5.87301 0.00517817
11 1 3 32 -5.39144 0.0127353
11 1 3 33 -1.90505 0.00475784
11 1 3 34 -2.01913 0.00675727
11 1 3 35 -2.94589 0.011299
11 1 3 36 -3.03579 0.0075211
11 1 3 37 -1.92855 0.00697548
11 1 3 38 -2.79293 0.00881783
11 1 3 39 -1.80606 0.00832839
11 1 3 40 -1.68826 0.00933036
11 1 3 41 -1.91409 0.00705388
11 1 3 42 -1.93612 0.00766218
11 1 3 43 -2.70608 0.00857529
11 1 3 44 -2.45529 0.0102497
11 1 3 45 -3.72219 0.00881203
11 1 3 46 -3.17062 0.0095177
11 1 3 47 -2.80703 0.00598987
11 1 3 48 -2.1127 0.00771585
11 1 3 49 1.79026 0.0112863
11 1 3 50 1.95591 0.0111154
11 1 3 51 0.710363 0.0150008
11 1 3 52 0.222265 0.0059463
11 1 3 53 1.73545 0.0273259
11 1 3 54 2.00638 0.00929918
11 1 3 55 2.57108 0.0110753
11 1 3 56 2.01835 0.0112152
11 1 3 57 2.10196 0.00314937
11 1 3 58 1.82914 0.00965319
11 1 3 59 1.36448 0.0104237
11 1 3 60 0.463842 0.00888111
11 1 3 61 0.990514 0.0106286
11 1 3 62 0.982214 0.00587357
11 1 3 63 1.99436 0.0127774
11 1 3 64 2.03568 0.0070186
11 1 3 65 2.06217 0.00890988
11 1 3 66 2.051 0.0040791
11 1 3 67 1.08396 0.00719583
11 1 3 68 0.830114 0.0121582
11 1 3 69 1.06553 0.00832289
11 1 3 70 1.05259 0.00807999
11 1 3 71 1.64951 0.0115239
11 1 3 72 -886.904 0
11 1 4 2 -9.13955 0.0207852
11 1 4 3 -10.1428 0.0121797
11 1 4 4 -10.1888 0.0120252
11 1 4 5 -10.7281 0.0179388
11 1 4 6 -10.723 0.0112607
11 1 4 7 -10.2696 0.00879533
11 1 4 8 -9.43917 0.0109504
11 1 4 9 -9.72238 0.0105521
11 1 4 10 -9.79208 0.00894763
11 1 4 11 -10.3915 0.00967512
11 1 4 12 -10.8158 0.00696152
11 1 4 13 -11.0293 0.0208389
11 1 4 14 -10.4316 0.0168252
11 1 4 15 -10.1439 0.0201751
11 1 4 16 -10.0786 0.00996742
11 1 4 17 -5.58413 0.0110091
11 1 4 18 -5.73757 0.0211927
11 1 4 19 -7.29525 0.0155851
11 1 4 20 -6.84219 0.0172406
11 1 4 21 -7.31545 0.0142379
11 1 4 22 -7.5986 0.0109698
11 1 4 23 -6.72073 0.00771486
11 1 4 24 -6.38681 0.0123187
11 1 4 25 -6.56588 0.00920198
11 1 4 26 -6.00198 0.00941729
11 1 4 27 -6.87637 0.00624978
11 1 4 28 -6.80825 0.00847003
11 1 4 29 -7.07894 0.0251594
11 1 4 30 -7.11245 0.0199512
11 1 4 31 -6.92849 0.00430888
11 1 4 32 -6.50845 0.0134686
11 1 4 33 -2.32815 0.00859215
11 1 4 34 -2.05166 0.00856752
11 1 4 35 -3.04391 0.00906922
11 1 4 36 -3.19625 0.0119959
11 1 4 37 -3.33389 0.0105742
11 1 4 38 -2.94601 0.00832018
11 1 4 39 -2.06515 0.00868462
11 1 4 40 -2.04818 0.00844067
11 1 4 41 -2.43948 0.0113119
11 1 4 42 -2.09036 0.0115553
11 1 4 43 -2.90756 0.00614185
11 1 4 44 -2.92709 0.00682845
11 1 4 45 -3.54788 0.0199013
11 1 4 46 -2.44412 0.0327742
11 1 4 47 -2.93588 0.00379954
11 1 4 48 -2.83901 0.00625708
11 1 4 49 1.2678 0.00863842
11 1 4 50 2.07749 0.0305046
11 1 4 51 0.282568 0.013605
11 1 4 52 0.274572 0.0123165
11 1 4 53 0.90299 0.00812139
11 1 4 54 1.31852 0.0116279
11 1 4 55 1.99106 0.0151865
11 1 4 56 1.36558 0.0156222
11 1 4 57 1.92502 0.00782579
11 1 4 58 1.66544 0.00940069
11 1 4 59 1.12681 0.01573
11 1 4 60 0.364294 0.00978224
11 1 4 61 1.36399 0.0140195
11 1 4 62 1.30423 0.031205
11 1 4 63 1.50956 0.00894205
11 1 4 64 1.64945 0.0154914
11 1 4 65 1.23801 0.010543
11 1 4 66 2.32145 0.0276147
11 1 4 67 0.627172 0.0103822
11 1 4 68 0.60404 0.0126347
11 1 4 69 -0.0554451 0.0155941
11 1 4 70 0.510534 0.011957
11 1 4 71 1.49759 0.0119485
11 1 4 72 -886.904 0
11 2 1 1 -886.904 0
11 2 1 2 11.1246 0.0172673
11 2 1 3 11.126 0.0129182
11 2 1 4 11.0996 0.0108431
11 2 1 5 11.0474 0.0156491
11 2 1 6 11.0497 0.0201191
11 2 1 7 11.922 0.00708903
11 2 1 8 12.0874 0.00360891
11 2 1 9 11.5218 0.0208231
11 2 1 10 11.323 0.0221474
11 2 1 11 10.9467 0.0179207
11 2 1 12 11.0392 0.0222224
11 2 1 13 10.6697 0.0169095
11 2 1 14 10.3902 0.017411
11 2 1 15 11.3668 0.01917
11 2 1 16 11.9374 0.0136976
11 2 1 17 11.7802 0.0253219
11 2 1 18 11.0305 0.0169964
11 2 1 19 10.4457 0.017938
11 2 1 20 10.201 0.0134481
11 2 1 21 11.833 0.0230224
11 2 1 22 11.0406 0.0210061
11 2 1 23 11.8138 0.00835539
11 2 1 24 12.0871 0.00486417
11 2 1 25 11.4093 0.0204479
11 2 1 26 11.8075 0.0234885
11 2 1 27 11.1975 0.0185433
11 2 1 28 10.9264 0.0260037
11 2 1 29 10.3446 0.0158086
11 2 1 30 10.0592 0.015343
11 2 1 31 11.0518 0.0168301
11 2 1 32 11.3132 0.0145939
11 2 1 33 8.31809 0.0115513
11 2 1 34 8.09403 0.00522407
11 2 1 35 7.26121 0.0201798
11 2 1 36 7.07981 0.00943256
11 2 1 37 8.04813 0.013152
11 2 1 38 7.15482 0.0133254
11 2 1 39 8.08622 0.00643767
11 2 1 40 8.06656 0.00802306
11 2 1 41 8.06913 0.0119807
11 2 1 42 7.72257 0.00859925
11 2 1 43 7.22428 0.0081157
11 2 1 44 7.38376 0.00809551
11 2 1 45 7.03135 0.0151941
11 2 1 46 6.94083 0.0111006
11 2 1 47 7.267 0.0165826
11 2 1 48 7.96732 0.0142195
11 2 1 49 7.56272 0.0121859
11 2 1 50 7.25828 0.00851202
11 2 1 51 7.00156 0.0185991
11 2 1 52 6.91337 0.0117361
11 2 1 53 8.10056 0.0146014
11 2 1 54 8.12003 0.0136702
11 2 1 55 8.08988 0.00703966
11 2 1 56 8.34373 0.012871
11 2 1 57 8.35813 0.0142072
11 2 2 1 -886.904 0
11 2 2 2 10.8596 0.0174608
11 2 2 3 10.6649 0.023347
11 2 2 4 10.5094 0.0163123
11 2 2 5 10.3966 0.0282168
11 2 2 6 10.0565 0.0195339
11 2 2 7 11.5354 0.0174378
11 2 2 8 11.6281 0.0102672
11 2 2 9 10.9191 0.0177646
11 2 2 10 11.1745 0.0163974
11 2 2 11 10.257 0.0269013
11 2 2 12 10.3363 0.0251083
11 2 2 13 11.1443 0.0279261
11 2 2 14 9.64628 0.0198453
11 2 2 15 10.2859 0.0176252
11 2 2 16 10.9471 0.0175816
11 2 2 17 11.1182 0.0217125
11 2 2 18 10.2669 0.0178941
11 2 2 19 10.091 0.0190569
11 2 2 20 9.97696 0.00771123
11 2 2 21 10.3262 0.0275281
11 2 2 22 10.4435 0.0217611
11 2 2 23 11.4522 0.0172325
11 2 2 24 11.7834 0.00910513
11 2 2 25 11.4577 0.0193245
11 2 2 26 11.5192 0.0176014
11 2 2 27 11.1064 0.0275835
11 2 2 28 10.5044 0.025636
11 2 2 29 9.14066 0.0180347
11 2 2 30 9.42411 0.0156562
11 2 2 31 10.0656 0.0156632
11 2 2 32 10.8188 0.0171942
11 2 2 33 7.59543 0.0142393
11 2 2 34 7.57578 0.0123317
11 2 2 35 7.05906 0.00846012
11 2 2 36 6.57584 0.0196474
11 2 2 37 7.12913 0.0115932
11 2 2 38 6.6616 0.0183818
11 2 2 39 7.11411 0.00666857
11 2 2 40 7.11356 0.00913496
11 2 2 41 7.74271 0.0139223
11 2 2 42 7.03135 0.0116709
11 2 2 43 6.93644 0.0084003
11 2 2 44 6.98447 0.00791597
11 2 2 45 6.23472 0.0125514
11 2 2 46 5.90677 0.0152106
11 2 2 47 6.67539 0.0143367
11 2 2 48 6.99204 0.0140765
11 2 2 49 7.19523 0.012698
11 2 2 50 6.99515 0.00954417
11 2 2 51 6.60337 0.0118887
11 2 2 52 6.10404 0.0177856
11 2 2 53 7.31266 0.0138479
11 2 2 54 7.88724 0.0187584
11 2 2 55 7.5593 0.0109206
11 2 2 56 8.06717 0.00660096
11 2 2 57 7.32328 0.0138236
11 2 2 58 -886.904 0
11 2 3 1 -886.904 0
11 2 3 2 11.869 0.0180618
11 2 3 3 11.0256 0.0130329
11 2 3 4 11.0096 0.0112716
11 2 3 5 11.0871 0.0196162
11 2 3 6 11.034 0.0203121
11 2 3 7 11.5556 0.00922424
11 2 3 8 12.0682 0.00439498
11 2 3 9 11.7723 0.0206295
11 2 3 10 11.7284 0.0225319
11 2 3 11 10.7018 0.0187591
11 2 3 12 10.773 0.0264721
11 2 3 13 10.7808 0.0166245
11 2 3 14 10.7668 0.017539
11 2 3 15 11.6556 0.0196658
11 2 3 16 12.0023 0.0130354
11 2 3 17 11.6905 0.0254155
11 2 3 18 11.0524 0.0170833
11 2 3 19 10.6408 0.0181153
11 2 3 20 10.1911 0.0133484
11 2 3 21 11.434 0.0232607
11 2 3 22 11.0469 0.0198944
11 2 3 23 11.857 0.00793154
11 2 3 24 12.088 0.00483885
11 2 3 25 11.6827 0.0196628
11 2 3 26 11.9811 0.0224581
11 2 3 27 11.3973 0.0194214
11 2 3 28 10.9845 0.0256951
11 2 3 29 10.2008 0.0151936
11 2 3 30 9.85709 0.0168255
11 2 3 31 11.0196 0.017003
11 2 3 32 11.2005 0.0140581
11 2 3 33 8.31046 0.0113292
11 2 3 34 8.0886 0.00531525
11 2 3 35 7.22867 0.0203571
11 2 3 36 7.0864 0.0095972
11 2 3 37 8.06058 0.013146
11 2 3 38 7.08927 0.0126638
11 2 3 39 8.02299 0.00778234
11 2 3 40 8.00071 0.00935509
11 2 3 41 8.08591 0.0120444
11 2 3 42 7.84446 0.00931974
11 2 3 43 7.13364 0.00651222
11 2 3 44 7.14188 0.00378524
11 2 3 45 7.03232 0.0181695
11 2 3 46 6.52402 0.0130323
11 2 3 47 7.18381 0.0175896
11 2 3 48 7.75248 0.015588
11 2 3 49 7.46854 0.0118793
11 2 3 50 7.1085 0.00571676
11 2 3 51 7.03251 0.0185837
11 2 3 52 6.44224 0.0126326
11 2 3 53 7.86313 0.0158784
11 2 3 54 8.07358 0.0136342
11 2 3 55 8.07993 0.00741578
11 2 3 56 8.41215 0.0134089
11 2 3 57 8.33207 0.0143357
11 2 4 2 11.0568 0.0159801
11 2 4 3 10.813 0.0228047
11 2 4 4 10.1101 0.00879772
11 2 4 5 10.0363 0.0264816
11 2 4 6 10.037 0.0202287
11 2 4 7 10.8617 0.0161456
11 2 4 8 11.3265 0.009992
11 2 4 9 10.7364 0.0173851
11 2 4 10 11.0686 0.016763
11 2 4 11 10.167 0.0263575
11 2 4 12 10.0718 0.0246699
11 2 4 13 8.42264 0.0197111
11 2 4 14 9.78177 0.0154445
11 2 4 15 10.3722 0.018088
11 2 4 16 11.0036 0.0182274
11 2 4 17 10.657 0.0210833
11 2 4 18 10.4514 0.0181965
11 2 4 19 10.0268 0.0185905
11 2 4 20 9.94352 0.00754491
11 2 4 21 9.35154 0.027102
11 2 4 22 10.1169 0.0202374
11 2 4 23 11.0354 0.0154614
11 2 4 24 11.4558 0.00935054
11 2 4 25 10.9919 0.0176659
11 2 4 26 11.4965 0.0173357
11 2 4 27 10.9243 0.0269408
11 2 4 28 10.5997 0.0219395
11 2 4 29 9.06589 0.0176141
11 2 4 30 9.20109 0.0143637
11 2 4 31 10.065 0.0152938
11 2 4 32 10.791 0.0172895
11 2 4 33 7.77817 0.0142258
11 2 4 34 7.85544 0.0114634
11 2 4 35 7.06766 0.0120559
11 2 4 36 6.75052 0.0192512
11 2 4 37 6.83353 0.0134744
11 2 4 38 7.00657 0.0169595
11 2 4 39 7.09556 0.00616115
11 2 4 40 7.10624 0.00946224
11 2 4 41 7.69199 0.0144912
11 2 4 42 7.08146 0.011129
11 2 4 43 6.9611 0.00807046
11 2 4 44 7.01371 0.00742541
11 2 4 45 5.55613 0.0131726
11 2 4 46 6.05167 0.013582
11 2 4 47 6.57999 0.0144814
11 2 4 48 7.04447 0.0157017
11 2 4 49 7.00217 0.0127018
11 2 4 50 7.03794 0.00880455
11 2 4 51 6.54307 0.0089672
11 2 4 52 6.05582 0.0170963
11 2 4 53 6.89664 0.0136117
11 2 4 54 7.543 0.0186495
11 2 4 55 7.54648 0.0110322
11 2 4 56 8.04746 0.00702817
11 2 4 57 7.01572 0.0126058
11 3 1 1 -886.904 0
11 3 1 2 -9.79775 0.0209449
11 3 1 3 -10.4337 0.00927078
11 3 1 4 -10.487 0.0102622
11 3 1 5 -10.1482 0.0191536
11 3 1 6 -9.97329 0.00544159
11 3 1 7 -9.90579 0.00685702
11 3 1 8 -9.41928 0.00923461
11 3 1 9 -9.45413 0.0120809
11 3 1 10 -9.64846 0.00775874
11 3 1 11 -9.99185 0.00708558
11 3 1 12 -9.87051 0.00376139
11 3 1 13 -10.9593 0.0073302
11 3 1 14 -10.5067 0.0124722
11 3 1 15 -9.79385 0.00659198
11 3 1 16 -9.20925 0.00940321
11 3 1 17 -5.00155 0.00934494
11 3 1 18 -5.62069 0.0124961
11 3 1 19 -6.11202 0.00755541
11 3 1 20 -6.82949 0.0096473
11 3 1 21 -5.2355 0.0202219
11 3 1 22 -5.5967 0.00993538
11 3 1 23 -5.18331 0.00920474
11 3 1 24 -4.76528 0.00963359
11 3 1 25 -5.13583 0.00779534
11 3 1 26 -6.01425 0.00600597
11 3 1 27 -6.07528 0.00810887
11 3 1 28 -6.32138 0.0100938
11 3 1 29 -6.86898 0.00567185
11 3 1 30 -6.62484 0.00839306
11 3 1 31 -5.90701 0.00481584
11 3 1 32 -5.60427 0.0109702
11 3 1 33 -1.91586 0.00516034
11 3 1 34 -2.19399 0.00899716
11 3 1 35 -2.98355 0.011481
11 3 1 36 -3.70303 0.00871986
11 3 1 37 -1.65823 0.017699
11 3 1 38 -1.92471 0.0085977
11 3 1 39 -1.60482 0.00972655
11 3 1 40 -0.81161 0.00849573
11 3 1 41 -1.88479 0.00832266
11 3 1 42 -2.00039 0.00831211
11 3 1 43 -2.85263 0.00569713
11 3 1 44 -2.59689 0.00951667
11 3 1 45 -2.90646 0.00413089
11 3 1 46 -2.84133 0.00681474
11 3 1 47 -1.92257 0.0041493
11 3 1 48 -1.92599 0.00425962
11 3 1 49 1.64267 0.0121025
11 3 1 50 1.54825 0.0134768
11 3 1 51 0.776952 0.0143162
11 3 1 52 0.474584 0.00862216
11 3 1 53 2.0228 0.00569085
11 3 1 54 2.04715 0.0094309
11 3 1 55 2.2186 0.00894418
11 3 1 56 2.21531 0.0151672
11 3 1 57 1.82792 0.00801765
11 3 1 58 1.24192 0.00841345
11 3 1 59 0.806676 0.0141862
11 3 1 60 0.777441 0.00864056
11 3 1 61 0.995519 0.00822752
11 3 1 62 0.753576 0.00864783
11 3 1 63 1.0676 0.0111711
11 3 1 64 1.70841 0.0096183
11 3 1 65 2.02726 0.0100924
11 3 1 66 1.28861 0.00695542
11 3 1 67 0.626684 0.0116572
11 3 1 68 0.299841 0.0125668
11 3 1 69 0.442968 0.0142028
11 3 1 70 0.410558 0.0103579
11 3 1 71 1.76456 0.0112146
11 3 2 1 -886.904 0
11 3 2 2 -10.4942 0.0183921
11 3 2 3 -10.4512 0.0132956
11 3 2 4 -10.9054 0.00885333
11 3 2 5 -11.0722 0.0153434
11 3 2 6 -10.8621 0.00949131
11 3 2 7 -10.4073 0.00909902
11 3 2 8 -10.0738 0.0093201
11 3 2 9 -9.91982 0.00874535
11 3 2 10 -9.61965 0.0107493
11 3 2 11 -10.5081 0.00877141
11 3 2 12 -10.3392 0.00962788
11 3 2 13 -11.4568 0.0104876
11 3 2 14 -11.2205 0.00864639
11 3 2 15 -10.345 0.0129263
11 3 2 16 -9.92184 0.00598987
11 3 2 17 -5.71639 0.00913734
11 3 2 18 -6.1575 0.0129652
11 3 2 19 -6.42819 0.0119818
11 3 2 20 -6.95571 0.00977702
11 3 2 21 -6.24716 0.013157
11 3 2 22 -6.18484 0.0109158
11 3 2 23 -5.9161 0.00520068
11 3 2 24 -5.19088 0.0122
11 3 2 25 -5.52456 0.0103147
11 3 2 26 -6.43276 0.010495
11 3 2 27 -6.51321 0.00901795
11 3 2 28 -6.89108 0.00700117
11 3 2 29 -7.07516 0.011178
11 3 2 30 -6.81069 0.0111998
11 3 2 31 -6.21591 0.00923918
11 3 2 32 -6.08145 0.00718952
11 3 2 33 -2.32608 0.00852429
11 3 2 34 -2.93246 0.00689495
11 3 2 35 -2.92092 0.0161226
11 3 2 36 -3.80508 0.0108564
11 3 2 37 -2.89218 0.0100917
11 3 2 38 -2.41976 0.0111127
11 3 2 39 -2.00308 0.00959903
11 3 2 40 -1.19088 0.0111064
11 3 2 41 -1.94033 0.0135735
11 3 2 42 -2.30368 0.0113349
11 3 2 43 -2.81399 0.00749516
11 3 2 44 -2.93478 0.00792016
11 3 2 45 -3.35177 0.0129579
11 3 2 46 -2.41464 0.0268334
11 3 2 47 -2.33718 0.0108868
11 3 2 48 -2.51467 0.0094818
11 3 2 49 0.981847 0.00767461
11 3 2 50 1.10416 0.0118223
11 3 2 51 0.902441 0.0133214
11 3 2 52 0.292883 0.0115165
11 3 2 53 1.32596 0.00878713
11 3 2 54 1.228 0.0104135
11 3 2 55 2.03922 0.00828835
11 3 2 56 2.16446 0.0125781
11 3 2 57 1.7963 0.00880362
11 3 2 58 1.28135 0.00924496
11 3 2 59 0.948766 0.00885626
11 3 2 60 0.296972 0.00920771
11 3 2 61 0.631933 0.0101747
11 3 2 62 0.425329 0.0107235
11 3 2 63 0.997411 0.00563568
11 3 2 64 1.19236 0.0144337
11 3 2 65 1.86698 0.0111218
11 3 2 66 1.28263 0.00813521
11 3 2 67 0.850805 0.00900622
11 3 2 68 0.250951 0.0115202
11 3 2 69 0.0810905 0.0116861
11 3 2 70 0.198278 0.0101571
11 3 2 71 1.47062 0.0119374
11 3 2 72 -886.904 0
11 3 3 1 -886.904 0
11 3 3 2 -9.81564 0.0205451
11 3 3 3 -10.3252 0.00917406
11 3 3 4 -10.7172 0.00865199
11 3 3 5 -10.2865 0.0164063
11 3 3 6 -9.96157 0.00534438
11 3 3 7 -9.84896 0.0075594
11 3 3 8 -9.56271 0.00877707
11 3 3 9 -9.65225 0.00987533
11 3 3 10 -9.45626 0.00900608
11 3 3 11 -10.0652 0.00828004
11 3 3 12 -9.88119 0.003139
11 3 3 13 -10.9344 0.0066084
11 3 3 14 -10.6855 0.0117243
11 3 3 15 -9.74362 0.00745241
11 3 3 16 -9.62741 0.00923275
11 3 3 17 -5.00717 0.00781891
11 3 3 18 -5.72653 0.00953834
11 3 3 19 -6.34304 0.00903661
11 3 3 20 -6.84103 0.00926427
11 3 3 21 -5.50479 0.0145686
11 3 3 22 -5.5848 0.0101396
11 3 3 23 -5.44558 0.00942456
11 3 3 24 -4.77175 0.00981807
11 3 3 25 -5.00472 0.00610491
11 3 3 26 -5.88504 0.00512666
11 3 3 27 -5.91159 0.00534416
11 3 3 28 -6.41946 0.0100802
11 3 3 29 -6.8793 0.00519272
11 3 3 30 -6.75747 0.00707401
11 3 3 31 -5.78597 0.00642278
11 3 3 32 -5.50625 0.0110641
11 3 3 33 -1.95309 0.00479453
11 3 3 34 -2.21194 0.00911682
11 3 3 35 -2.99911 0.0114139
11 3 3 36 -3.51113 0.010061
11 3 3 37 -1.94491 0.00779405
11 3 3 38 -1.74118 0.00972473
11 3 3 39 -1.77554 0.00788894
11 3 3 40 -0.810938 0.00830753
11 3 3 41 -1.76016 0.00872162
11 3 3 42 -1.53915 0.0100021
11 3 3 43 -2.76004 0.00705877
11 3 3 44 -2.5173 0.00993707
11 3 3 45 -2.84487 0.00482629
11 3 3 46 -2.46365 0.0183579
11 3 3 47 -1.81722 0.00603961
11 3 3 48 -1.93051 0.00449356
11 3 3 49 1.19004 0.00979175
11 3 3 50 1.46982 0.0133247
11 3 3 51 0.48203 0.0147524
11 3 3 52 0.321569 0.0074843
11 3 3 53 1.7692 0.00893189
11 3 3 54 1.65745 0.0118426
11 3 3 55 2.12473 0.00689265
11 3 3 56 2.29728 0.0131464
11 3 3 57 1.82602 0.00804841
11 3 3 58 1.58787 0.00993986
11 3 3 59 0.954687 0.0115561
11 3 3 60 0.762426 0.00874867
11 3 3 61 0.932104 0.0078449
11 3 3 62 0.774206 0.00851349
11 3 3 63 1.07084 0.011335
11 3 3 64 1.84806 0.00900166
11 3 3 65 1.95243 0.0105771
11 3 3 66 1.34305 0.00757314
11 3 3 67 0.725561 0.0113447
11 3 3 68 0.361547 0.0126813
11 3 3 69 0.384069 0.0113766
11 3 3 70 0.307714 0.00728407
11 3 3 71 1.76456 0.0112146
11 3 3 72 -886.904 0
11 3 4 2 -9.83621 0.0222173
11 3 4 3 -10.901 0.0101188
11 3 4 4 -10.7292 0.0170659
11 3 4 5 -11.8453 0.0135894
11 3 4 6 -10.8856 0.00913049
11 3 4 7 -10.6013 0.00830758
11 3 4 8 -10.2891 0.0109162
11 3 4 9 -10.0926 0.00756015
11 3 4 10 -9.90664 0.0073755
11 3 4 11 -10.7498 0.00642245
11 3 4 12 -10.3875 0.00965119
11 3 4 13 -12.8827 0.00592192
11 3 4 14 -11.3516 0.0139834
11 3 4 15 -10.0994 0.0116599
11 3 4 16 -9.9396 0.0053671
11 3 4 17 -6.0776 0.00876919
11 3 4 18 -3.60043 0.0456469
11 3 4 19 -6.84286 0.00616275
11 3 4 20 -7.04562 0.0102429
11 3 4 21 -6.89883 0.00957933
11 3 4 22 -6.32717 0.0119733
11 3 4 23 -5.95986 0.00460011
11 3 4 24 -5.61056 0.0111922
11 3 4 25 -5.9382 0.00684395
11 3 4 26 -6.55288 0.0102102
11 3 4 27 -6.75283 0.00638143
11 3 4 28 -6.91079 0.00689827
11 3 4 29 -7.73977 0.0121335
11 3 4 30 -7.01168 0.0101669
11 3 4 31 -6.09677 0.00772693
11 3 4 32 -6.09664 0.00739319
11 3 4 33 -2.9208 0.0047283
11 3 4 34 -0.0857796 0.045089
11 3 4 35 -3.81381 0.0104294
11 3 4 36 -3.94467 0.0102295
11 3 4 37 -3.93746 0.00717698
11 3 4 38 -2.48019 0.0143757
11 3 4 39 -2.22183 0.00981571
11 3 4 40 -1.53884 0.0103498
11 3 4 41 -2.33816 0.0114114
11 3 4 42 -2.46798 0.0105004
11 3 4 43 -2.97366 0.00598501
11 3 4 44 -2.94247 0.00613282
11 3 4 45 -3.5867 0.0184907
11 3 4 46 -1.8663 0.0333728
11 3 4 47 -2.2084 0.0174259
11 3 4 48 -2.22909 0.0164986
11 3 4 49 0.721349 0.00988554
11 3 4 50 2.68326 0.0374889
11 3 4 51 0.556371 0.0147308
11 3 4 52 0.276037 0.0115027
11 3 4 53 -0.30453 0.00869177
11 3 4 54 1.6453 0.0191876
11 3 4 55 1.9036 0.00962503
11 3 4 56 2.09488 0.00952507
11 3 4 57 1.58957 0.00982774
11 3 4 58 1.02695 0.00766088
11 3 4 59 0.797948 0.00930599
11 3 4 60 0.138525 0.00713944
11 3 4 61 -0.102137 0.0168796
11 3 4 62 0.308813 0.0142188
11 3 4 63 1.03727 0.00450037
11 3 4 64 1.22324 0.0143913
11 3 4 65 1.42124 0.011613
11 3 4 66 1.56119 0.00949129
11 3 4 67 0.679967 0.00957568
11 3 4 68 0.307653 0.0114714
11 3 4 69 -0.96316 0.00994549
11 3 4 70 0.377904 0.0120609
11 3 4 71 1.49039 0.0112357
11 3 4 72 -886.904 0
